-2.106940619445637708e+01
-1.931241059121138903e+01
2.413335158962840765e+01
-1.388143560250886033e+00
1.719282094341768286e+01
2.122262736897774005e+01
-1.664175400737155286e+01
2.256726968948227352e+01
-2.040045263458684133e+01
-2.149466749336377092e+01
1.802909091448187340e+01
1.138538164229195715e+01
9.939161572857297955e-01
-5.802713368843959607e+00
-2.402212161992110495e+01
-1.367165403265693158e+01
-8.276937178943438056e+00
2.395218209984784963e+01
1.608627426415485218e+01
1.373091617247703233e+00
9.325337697783734114e+00
-2.294629985418173845e+01
5.862474539136414364e+00
-2.333267404967991254e+01
2.382099784045133362e+01
-1.711512856676572625e+01
-9.919898750251499919e+00
-1.149850963763752176e+01
1.677690071032163388e+01
1.649510789086360774e+01
1.725698902522236011e+00
2.198335214753092615e+01
-1.690393564055930398e+01
-7.034501510205473984e+00
-9.409683529389726075e+00
2.845543780603139616e+00
1.031588904490440228e+01
-2.046622423104765787e+01
-1.764265332947455356e+00
-2.408487974646112662e+01
1.783325812026211565e+01
-2.699914910929238410e+00
1.850740158813430725e+01
2.203246017684201519e+01
2.102854227796164821e+01
-1.604556269153408010e+01
2.137784808018041005e+01
2.390463162901478000e+01
1.404032388716379920e+01
-5.435545693903661046e+00
4.158924843215631384e+00
2.411676316064637504e+01
-1.326769768603521626e+01
7.202702965812717295e+00
-6.384854689924757132e+00
-7.539435236493472026e+00
2.383951474575484752e+01
-4.476792502476158120e+00
1.849342620773454016e+01
-4.386066551424203652e-01
2.349188790003630345e+01
1.060401686912830321e+00
-1.887498194538292395e+01
-2.046727024350129298e+01
1.807799020397052558e+01
2.392936019047664686e+01
-9.754311251945152250e+00
2.245076507652193953e+01
-2.336908974074843215e+01
2.271399613424772923e+01
-2.166913947841194954e+01
-2.366129244631032336e+01
-1.805217581812850014e+01
-7.638927979710295801e+00
-2.345316462665971002e+01
2.110497981010577462e+01
1.368738502480895036e+01
-1.850802572205456542e+01
-1.742891062613927389e+01
2.314690329106914746e+01
-1.342832334069601785e+00
1.968000035933805947e+01
-1.039904012291550828e+01
2.293487523434240671e+01
-1.266826129529647460e+01
-2.107513507122656193e+01
-1.849523816837453793e+01
5.917865535664708077e-01
-7.383478185428465679e+00
-2.322171299496002916e+01
-1.310432649070441435e+00
-2.260823355697386816e+01
4.189392290452801149e+00
-1.452748445962691726e+01
-2.228265871864756065e+01
2.354387594108685988e+01
6.101715406777070250e+00
1.963735005360311092e+01
-2.187025121533948990e+01
1.991099985445793052e+01
-2.295644798655942864e+01
-1.418232997644045135e+01
-1.614472756989241020e+01
-1.166541310565388123e+00
-1.292848563763580749e+01
-1.340871282053004343e+01
-2.308057501023098368e+01
-9.989658310285118858e+00
1.174006159141701389e+01
-2.234195591818427218e+01
-9.511434611200261457e+00
-2.262294782990740316e+01
1.604248236622605361e+01
2.326935078722963368e+01
-2.205452906575828820e+01
1.268532217004556628e+01
1.318429392210729745e+00
1.853296838132384394e+01
5.790753694024607157e+00
-5.899166781424893813e-01
-2.320964823256132092e+01
1.230235296207324325e+01
-2.031240960883103241e+01
-6.097894138433864519e+00
1.445605600917080480e+01
-8.296286799297671877e+00
-9.989989027359609253e+00
-2.178427002069078355e+01
-2.310424686694957686e+01
2.308132989106427146e+01
1.700022956686249032e+01
3.492949784267773250e+00
-9.978956585529129342e+00
1.780952879102945730e+01
-2.212358295555980447e+01
-2.082495174681156413e+01
-1.877629321186599043e+01
-2.294224586256635590e+01
8.178949936757783590e+00
-2.208313763384890294e+01
-1.886639300617329695e+01
-8.735413295055387550e+00
9.993760657563576899e+00
1.548387399116887408e+01
1.650150676459052690e+01
-2.120491408527517407e+01
-1.758132377845706174e+01
1.025650275738893669e+01
-1.366268067579233936e+01
-5.696344831771520845e+00
1.497017519403540931e+01
2.062655386929288071e+01
-4.084940253775844354e+00
1.941221358698352262e+01
-2.173765697653856321e+01
2.205673161125913140e+01
2.224701122127413910e+01
-2.153178701817736140e+01
1.140969901824347588e+01
1.883347086548062066e+01
2.046769951876702009e+01
-7.922932379362788602e+00
-2.225736490762558972e+01
1.373974840540304498e+00
-8.511078632416552381e+00
-8.634069727713761466e+00
-2.202697984837643119e+01
-1.359515006052377295e+00
2.040592564986442881e+01
-1.542733859319618794e+01
3.930217795484018062e+00
-4.936765050791850129e+00
2.115299960670239798e+01
-7.863394295351894492e+00
-2.219868093335513137e+01
8.299449319983258633e+00
-2.187788957794626121e+00
-2.000250027094696748e+01
-2.782212200223003418e+00
-4.794194379994308974e+00
1.502960760256768502e+00
-1.483698091594976276e+01
-1.632944738718535405e+01
1.409702737992486732e+01
-1.504202344678613912e+01
-2.178887520775649733e+01
-2.050500876453427423e+01
1.152106136662043134e+01
-2.180848326894313516e-01
-1.067079425865020248e+01
8.346559423235037301e+00
-1.269030712340608069e+01
8.455330921277020906e+00
-5.396242677988423608e+00
-2.303858177813806307e+00
-9.990994009512732532e+00
2.146633022580081729e+01
9.489117418436126883e+00
-2.082367436084004453e+01
-1.957703611900748442e+01
1.587742075960934329e+01
4.126249947346139813e+00
1.774937957226319440e+01
-2.016712586906205829e+01
2.210524561304631419e+01
-1.898053801038253141e+01
-8.871823313297021230e+00
1.110251484655282894e+01
-1.598509393219928754e+01
9.944297767588361481e+00
-2.151767581667526130e+01
-1.387437167956070283e+01
1.695266825865576621e+01
-1.442491153556432693e+01
-1.380878476001729283e+01
-1.238983962040509823e+01
1.728893230935352676e+01
2.182182625660666275e+01
8.703447138559329943e+00
-1.273765261389925385e+01
-6.287765119897571253e+00
1.652270162936909870e+01
-1.585091173534874720e+01
-1.980788865141596844e+01
-2.028023316182044056e+01
2.056590244135613865e+00
1.387731877053823837e+00
-2.009910706345771203e+01
1.955654267002867286e+01
-1.794980412776321188e+01
-1.933645466926295242e+01
-1.364026890442723960e+01
4.114915563559987888e+00
-2.172603812140193469e+01
-2.981411272171758498e+00
1.551098676244184915e+01
-7.010118785692078802e-01
-1.742624056573897207e+01
-3.179590097367765988e+00
2.161796498817648882e+01
-4.781517108454031550e+00
-2.158276047749261650e+01
1.734875701278209092e+01
-2.319508151944144725e+00
-4.316938753099890391e+00
7.471040199707698726e+00
-1.731803403549438158e+01
1.349899455199165033e+01
-1.384085729067549053e+01
1.422011098256000317e+01
1.994345340013978074e+01
7.446506168238535395e+00
2.125519986786121862e+01
-7.284327317182398787e+00
1.642522126810094463e+01
1.996131131592635199e+01
-1.501500922095553214e+01
-4.970914169953990935e+00
-1.053662154010574525e+01
4.043029970049953903e-01
1.676137417142905761e+00
6.060864375989041264e-01
1.642350789145829992e-01
-5.077175135470332279e+00
-1.851927334361701227e+01
1.832926156946628993e+01
6.791351222240191277e+00
1.622747615606120775e+01
-2.127241605211899511e+01
-1.074276417637379666e+01
-2.101076628985234152e+01
2.094824836898772702e+01
-8.434600088009723606e+00
-9.424130063707412575e+00
-2.118873840352618743e+01
-1.370045758914861977e+01
2.377054135325414652e+00
-1.922141545075353264e+01
1.677481851296912652e+01
2.112309295417231425e+01
1.867228289426274301e+01
-2.056832884472240153e+01
-2.097440720136668446e+01
1.795161770388083866e+01
-1.021691852762244146e+01
1.439504901485852173e+01
-1.391318075178342539e+01
2.074158742681605716e+01
-1.084057841655163656e+01
-1.594465724962629594e+01
-1.294904959941131750e+01
3.554179208669143719e-01
-1.219550413424759228e+00
-5.122875035885979145e+00
-2.516886684848803846e+00
-1.478175792783009612e+01
-1.652842885339612877e+01
1.453059731090318962e+01
1.630555942096113498e+01
1.416357661059666917e+01
1.761829457659127129e+01
2.061843154188306926e+01
-2.956372383218488942e+00
1.642133836996990226e+01
1.698020210659131379e+01
-1.784081924669943930e+01
-1.674921538655987518e+01
-3.919479182393852845e+00
-1.891818406120184903e+01
1.999043273613644800e+01
1.926310612246048493e+01
-2.068455160971057083e+01
-1.312179744096843770e+01
1.828318642858862120e+01
7.948216158153906363e+00
1.578472357800284342e+01
1.876841167673136468e+01
-1.591869726527759354e+01
5.992083630880049583e+00
-1.553305387586330966e+01
-4.512194503396703027e+00
-2.002288574168746393e+01
2.056167416781966040e+01
8.127501868452185363e+00
-9.084820242298558668e+00
-1.957996307295678307e+01
8.150522842147898572e+00
-1.443027580305990298e+01
1.641473507741162763e+01
-5.511494971300693990e+00
8.401786765650765432e+00
1.608647141345880982e+01
-1.986047791244061855e+01
2.040073181616961762e+01
2.027498525817829034e+01
1.490888324548980393e+01
-1.989476762553231382e+01
7.890948212954189245e+00
-1.886790884577959204e+01
-3.129700002279661941e+00
-1.619170605594316825e+01
-1.743391043290878173e+01
-1.940527854343426739e+01
-3.992098510469766381e+00
-4.080913152231492980e+00
1.135283295101377377e+01
1.981059352489295122e+01
1.931193312874001755e+00
2.949551743414872362e+00
-1.740960562028482883e+01
-1.990687101095289080e+01
-4.003221574598092580e+00
1.476175262525915599e+01
-1.789640844450679324e+01
2.002742767124713552e+01
-5.073191989769868293e+00
-1.504166593880952085e+01
-7.408758895549262036e+00
1.875891338913691442e+01
1.959610047446602010e+01
-3.918887138715531293e+00
7.486374693896740595e+00
-3.704309692257733211e+00
6.759943945499875539e+00
-1.145343735644211947e+01
6.396047326232871200e+00
5.750439387441462991e+00
1.871597837048868485e+01
-1.697664789495101800e+01
-9.613482243340616407e+00
1.940309393163709650e+00
1.676775370052509118e+01
-1.930356771462923504e+01
-1.841514912777751789e+01
1.963138785999207059e+01
-1.851937900065745168e+01
1.883356380345595227e+01
1.274433929141092214e+00
-1.964655172699269414e+01
1.219526904578516380e+01
3.951458277099225924e+00
-3.551965737071146378e+00
1.871260562766727276e+01
1.976415856473456500e+01
1.352395421931688269e+00
-1.969057842695254834e+01
1.936457407101181971e+01
-9.487896598601418319e+00
9.902675312245598604e+00
-1.900215931642438250e+01
1.677733490303067398e+01
-4.702071089378172530e+00
-2.666951222471747318e+00
1.880554697118206064e+01
-1.925462901900136004e+01
3.285361246323736051e+00
1.954897940186311445e+01
-1.631870374627969156e+01
4.746208918146277433e+00
5.724758157499358902e-01
1.644017852744605790e+01
7.891849548149888705e+00
1.915457316402995502e+01
-3.424715713696898867e+00
-7.045524747917234265e+00
-1.745027563610552690e+01
-1.819324672965440470e+01
-1.771387386432101607e+01
1.297622805409359614e+01
7.600735818872620619e+00
-1.625039808877158976e+01
6.639133498377741915e+00
-1.280358926840406752e+00
-1.729862009699869319e+01
-1.934810745646746355e+01
-1.335548948258571045e+01
1.149257549375356824e+01
1.167283585557668957e+01
-1.597220704251282264e+00
-1.708740600883127314e+01
-1.845552568215763856e+01
-1.847164888045906395e+01
1.835755447433006893e+00
1.717839782854268549e+01
-2.302945208751645545e+00
1.153393922868860599e+01
1.138769506369089690e+01
-2.319018348735250257e+00
1.906516395464790037e+01
-2.123420623830260645e+00
-1.677290314429351170e+01
1.635824746774637717e+01
-1.644913779368282203e+00
1.066564250600498909e+01
-1.862917196767990191e+01
-1.547150263323671560e+01
1.548564949287006698e+01
-1.142542503231431716e+01
-1.462754582843791162e+01
1.817447264676865970e+01
-1.123390509938303516e+01
-1.190339336178076124e+01
1.895101381637227078e+01
-1.679015188180374096e+01
1.578066374326992971e+01
-5.178018405958587422e+00
-1.768545523125411378e+01
-1.998051647128270325e+00
6.748652013737104660e+00
-4.220510845165303948e-01
-1.449614462756943922e+01
-2.103976558860647827e+00
1.761936393664928246e+01
1.812863656769928156e+01
-1.991106106624896732e+00
1.797911673221756601e+01
1.619141130421524011e+01
1.803081147051691246e+01
-1.645303149682008481e+01
-1.028864122332307929e+01
-1.138355939332775435e+01
1.711972308320769187e+01
7.713206537912825844e+00
5.026677745021725485e+00
7.713310830513005811e+00
-3.570314825098188649e+00
-1.188319321855786370e-01
8.661922534512118688e+00
1.786151022990563675e+01
1.021714754565867622e+01
-1.293665986043739125e+01
9.509556208415357759e+00
-1.554072021857986741e+01
1.253565523777400870e+01
1.185702447113762759e+01
-1.839987756824536902e+01
1.805145907604645572e+01
1.187387185951243573e+01
1.820561127699048143e+01
-7.367230333765006023e+00
1.147465822650931599e+01
1.054477413908524142e+01
-1.784629052629164292e+01
-1.203865242899976451e+01
1.007576175404948060e+01
-1.540021273472297736e+01
-3.029361709573015204e-01
1.533761546126611819e+01
-1.743626786190555222e+01
-5.479276308644464244e+00
-1.662597238149525580e+01
1.018589249126376117e+01
-1.589928612407069508e+01
1.830051110073988241e+01
-1.223795348607784916e+01
-1.556274266022269259e+01
1.078148408213570875e+01
-4.838329057824327428e+00
-1.818471027371196413e+01
1.818799337361802415e+01
1.496116223644608922e+01
-7.381449397590678529e+00
1.391991352811525928e+01
1.491725836780898184e+01
-9.459226503758074500e+00
-4.435320758915246131e+00
-1.555956880548620092e+01
-2.913774637827279967e+00
1.610725443637501186e+01
-6.400455150545456107e+00
-1.728009185577840157e+01
5.722185627769921901e+00
1.790877994761819991e+01
1.354641234994878474e+01
-9.086836301134045613e+00
-8.766520976175065982e+00
1.675124886482583975e+01
-7.841527637441708443e+00
1.514986119169682155e+01
-1.395777504895025345e+01
9.860819109499825430e+00
-1.792996766626977845e+01
1.335269453061189893e+01
-1.324230020032235444e+01
-1.728245784227473436e+01
-1.754709491810526956e+01
7.832368987009423300e+00
1.649141901773309726e+01
-1.033168010133723591e+01
-1.196229848613895186e+01
1.049949110576950773e+01
-1.672558724014671938e+01
-4.658318894090845319e+00
-1.218624053472124302e+01
1.769068731395149641e+01
1.359482623563175352e+01
-1.638697446687510961e+01
-1.607558697174605911e+01
1.652926906796805184e+01
-3.499236562942850348e+00
-2.381771729304233531e+00
2.077790435229725396e+00
1.093780063188636653e+01
-1.250943178346538964e+01
9.306119862516334607e+00
1.525275052059012815e+01
8.805733193536886105e+00
1.728492047842791024e+01
1.258301541359817577e+01
1.591892367454245161e+01
4.159019602901068424e-01
1.263832954529133445e+01
8.777348675641913900e+00
-1.154565104672083642e+01
1.699561299635270473e+01
-8.923484503595030759e+00
-1.184951521676011055e+01
7.920216449599214670e+00
-1.627601005701081149e+01
7.564179352252317301e+00
1.737410368694510865e+01
-1.029909195967245594e+01
-4.264221561493262591e+00
-1.173172239192108179e+01
-1.677738895820219867e+01
-4.299891085292959936e+00
6.861931692245152981e+00
1.496270379342398726e+01
2.072381942746320149e+00
-6.817476266901631554e+00
-1.221263183198537483e+01
-1.485336184793553116e+00
-1.267414018002141951e+01
1.680697542463852301e+01
-1.144248385421384029e+01
-9.103950781079921839e+00
4.774204130429433590e-01
6.510479102463520462e+00
9.055061438140961982e+00
-6.109664012406106792e+00
-1.711351388581182675e+01
1.712449901172631428e+01
2.015892742820545536e+00
5.254548552989500187e+00
4.818569964238514025e+00
-1.708130061634583896e+01
-9.911898315261415959e-01
-9.677186738657043819e+00
-1.362669585800887617e+01
3.446594984717876287e+00
-1.658088920209650752e+01
1.277603775957671317e+01
9.433269815646925238e-01
-8.184147465571463442e+00
-5.166073157336017907e+00
1.120925004600945663e+01
-1.591311159994872071e+01
1.014721930682107853e+01
1.668102360894050662e+01
-2.764533438578815172e+00
-1.324268066828346413e+00
-1.655193694442622387e+01
-1.550655389526050243e+01
-1.637267874339396556e+01
-1.600624160680558106e+01
-1.512341714632172263e+01
-1.762535866857932731e+00
5.844296812496361682e+00
-1.120468203774305138e+01
1.104023800856388604e+01
5.650748871122131867e+00
-1.361513662478629527e+01
7.468495647888343747e+00
1.887873367304215400e+00
-1.534108275968150892e+01
3.029659701788931070e+00
-1.120113481293681801e+01
-5.350843999125621586e+00
1.148355553332725520e+01
3.134309685234565990e+00
-1.382933643524513556e+01
7.455734840264371499e+00
-1.298076869159775626e+01
-1.364490922053308353e+01
1.430766364150960257e+01
3.065530001983787223e+00
-1.549718982864307293e+01
-1.492372879591921375e+01
-6.604872888046475765e-01
1.550290329439703285e+01
-1.648344754157165681e+01
-1.292957239786501944e+01
-1.259168998282953567e+01
-1.647750362793021139e+01
8.908703465148235523e-01
1.450431302925922949e+01
1.291284846673228870e+01
-1.140751266968552358e+01
2.849520445531440238e+00
-6.085165669497030194e-01
3.650405543312808199e+00
1.340613404981050572e+01
-9.976040644575689953e+00
-9.590042063869704592e+00
1.305024472472334018e+01
1.579638157015682864e+01
7.188967098147629464e-01
-1.558137541499490730e+01
-1.627822050380298435e+01
5.203950862105853226e+00
-1.488652439292898322e+01
-1.491651181642182777e+01
5.775609464234866763e+00
-8.464617066456064265e+00
1.472597366092266746e+01
-1.585333841623219087e+01
2.134867325088337431e+00
5.909883815129779450e+00
1.031448121573944832e+01
1.613735161562891918e+01
1.279980371304007036e+01
5.845223731151484969e+00
1.484726153797996417e+01
-1.180219495002028474e+01
-1.546501678395560120e+01
-5.358682915721500351e+00
-1.522660473856636365e+01
1.501224217162487840e+01
1.500483244115823922e+01
-7.941260329158444264e+00
-7.774269422462054990e+00
-1.587063815042971271e+01
1.280196369837284465e+01
-1.025922595018185568e+01
-1.362669778205109949e+01
1.492815656471674934e+01
-2.980353984611843643e+00
3.564985346225395091e+00
1.280605175737984069e+01
2.879502023644255893e+00
-1.496649400358364446e+01
-1.550197444599628760e+01
-1.559153333621998172e+01
1.582181272482862866e+01
-6.040282995389123499e+00
-7.044966118848485337e+00
-9.968614422818010468e+00
1.418997152924869098e+01
-5.583889601517036283e+00
-1.485001976143195357e+01
-7.009485648310247008e+00
1.399594677862797809e+01
1.098498511752185713e+01
1.293324924511206753e+01
-1.222965049446897368e+01
-1.335707989161556952e+01
1.080442826296621561e+01
-1.516751048436683291e+01
-9.810497974098851159e+00
5.854580824587734433e+00
-9.998321206849098530e+00
8.162240984774022934e+00
-1.478831172065067534e+01
-4.040050204343908824e+00
-1.545108826754605147e+01
-1.284067082844759611e+01
1.367934469908164097e+01
-4.082127030946838708e+00
-6.386539508853008584e-01
3.925060263127334803e+00
2.975680034552107500e+00
1.435282659060937860e+01
4.798907517543118395e+00
7.416974793691775147e+00
-8.573713340488938073e+00
-1.490596758839474134e+01
-1.321660140963663466e+01
-1.071746801462369447e+01
-1.138929518725673873e+01
-5.233348668099170098e+00
4.381830524020907447e+00
1.210096208166167742e+01
5.780213237516842462e-01
1.021651394204958319e+00
1.515843186258022790e+01
4.448573706203219125e+00
-5.450622789947564328e+00
8.851361513615030319e-01
1.413540653497728528e+01
-4.025761232437248260e+00
1.292410974212085684e+01
-1.514364910406537668e+01
1.421117181208630065e+01
1.824693036697657256e+00
-1.476255077456704079e+01
-4.600457671153913353e+00
8.386717706842532039e+00
4.807895024256446881e+00
3.552466386357527206e+00
5.826347053527829445e+00
1.465194787639088325e+01
-3.751377139058219790e+00
-8.721798260085183330e+00
1.170841499207367065e+01
-6.951561800863937712e+00
1.231743551883068122e+01
1.173545263044266029e+01
9.127992165665602897e+00
1.305816703612439866e+01
-1.173535565842749762e+01
1.053140482057856531e+01
-5.485483298173398303e+00
-1.424367687086802547e+01
-1.207125092465057570e+01
-2.193662666462136368e+00
1.743707720900489644e+00
-1.036276759832778005e+00
-1.361235343691683752e+01
-3.804724170597653554e+00
1.365088597976264495e+01
-1.215254663392752121e+01
7.849849877992509661e+00
5.026172715485087039e+00
-9.436737403963832094e+00
-3.081943028285900610e+00
6.915393797508684770e+00
-1.177962770972275663e+01
-1.468307664136059465e+01
1.469824473625212136e+01
-6.350798442415464429e+00
-1.708085949644538637e+00
1.466086507855098198e+01
1.173826581508062894e+01
-4.041904616613221535e+00
2.468940331053443682e+00
-9.636341435373402931e+00
-1.088281963083194981e+01
6.118561710528550357e+00
-1.457200736483113879e+01
-1.454126879437621689e+01
-1.411275249803841270e+01
9.823425838012063593e+00
-4.142050041140350025e+00
3.931122448898419552e+00
-1.274743610311603881e+00
1.433228059169987745e+01
4.107235108995356043e+00
1.368537626709168009e+01
-7.722568433311418623e+00
-6.826162045776344556e+00
1.304877752555370662e+01
1.279843465213527587e+01
1.438442602545609894e+01
8.394172978289049070e+00
-2.078438573975535331e+00
-1.403204331128318749e+01
1.431866541798566139e+01
1.409408646835286305e+01
7.552390549676480269e+00
-1.427940339504165834e+01
1.424558452227230632e+01
-1.344345663512541122e+01
-5.982699860743982967e-01
2.121240901590757399e+00
-1.203660724495650314e+00
-1.317565194542510199e+01
-1.319476590326682341e+01
-1.377974986934123613e+01
1.410106303360351987e+01
1.416057851818116475e+01
1.193226105677766213e+01
-1.223311012477043747e+01
2.259254966580277024e+00
-1.263883297295404873e+01
1.025854044575134694e+01
8.522523675990544945e+00
5.785441400204049955e+00
2.309330268256314156e+00
-5.943599905322863641e+00
1.402681136327296585e+01
-1.283610372571336455e+01
6.988895359513220384e+00
1.208094382013115720e+01
1.450625647313241728e-03
4.871615585152921923e-02
2.587952099999643263e+00
-9.662462351689910633e+00
-9.549240226286981326e-02
-1.261246789999230700e+01
4.471466465730349782e+00
4.491529023226478401e+00
3.929807180559794499e+00
1.057349982606423566e+01
1.309515378964192500e+01
5.073150007807694095e-01
-3.182419646746466046e+00
7.625712145620585858e+00
-5.774289635204317150e+00
7.839030230384024911e+00
1.227518207291646846e+01
1.156604192407729315e+01
1.229023789653656173e+01
4.929000584126732143e+00
-2.186677339017745414e+00
1.083048398556465841e+01
-5.269901514809260945e-02
5.962051713588325086e+00
1.004999948586455538e+01
1.313305820804237811e+01
6.814492774715150247e+00
-1.337883363580898610e+01
-1.336354690359664232e+01
-1.101032049995437667e+01
-8.250109459066955253e+00
9.916467734732005823e+00
2.528965480261660126e+00
5.428195772803356967e+00
-8.359030027547738051e-01
1.253183768420109523e+01
-1.331382975478183894e+01
-4.693837107620346671e+00
1.894519572835003718e+00
-1.114464343798640122e-01
1.341926472037269313e+01
1.381567560157476393e+00
1.277787743067455750e+01
-1.254496963814851540e+01
9.641229229241510268e+00
-6.590564001657648774e+00
-1.146915343853516411e+01
8.844471223995530096e+00
6.195042508853771501e+00
1.090734900062393997e+01
-8.880593712485477909e+00
1.327333668699404612e+01
-6.044575520272145397e+00
-1.220379667562208326e+01
-1.317585402018826812e+01
1.325598481556824382e+01
-3.549758925099575357e-01
-1.318548435724028423e+01
-1.053797152914333246e+01
4.972144470020262830e+00
-1.310080596020129562e+01
-7.992920964117851135e-01
1.212488853544670064e+01
1.312778967555002829e+01
2.810823327843404051e+00
-1.997577496856806523e+00
-1.053731841778796152e+01
-1.870563095865560133e+00
-1.178309343661121389e+01
-2.747596113099848303e+00
9.772356691741542534e+00
2.107266154948375103e+00
9.901467732374245045e+00
1.265606213260601720e+01
1.296969559188225496e+01
-5.203717161612949837e+00
1.863221935633121440e+00
-6.766067321080498687e+00
1.276110527210114753e+01
6.573314553383999836e-01
-6.870742596740123886e+00
8.249503126232335504e+00
1.892164925173263068e+00
6.325422770655854343e+00
-5.416280201384115145e+00
-1.248347821234673916e+01
-1.274325368901729760e+01
-1.207998748644677267e+00
1.181181548044838614e+01
-1.280371345991185628e+01
-8.363022500016811023e+00
7.249603788802647664e+00
-1.275790116679644015e+01
9.369917679574845337e+00
-1.725017848075922622e+00
5.615564131160422079e+00
-7.949172062771785008e+00
-4.965337229760115711e+00
5.171144993128921286e+00
-9.236832631585096820e-01
-5.277886339887315259e+00
1.241985643647454296e+01
-4.370466955854984903e+00
7.048653014705287490e+00
1.036004959075784804e+01
3.821375975381921197e+00
-5.244119797876948041e+00
-1.186961355701435217e+01
-1.431848140385605817e+00
5.329175558723044936e-01
1.202765070985678797e+01
-1.251623400679694953e+01
-1.249373135068106855e+01
1.041655673153759665e+01
8.876770950219685652e-01
-3.325121827981008416e+00
1.216898599755165478e+01
4.974584484327285949e+00
8.389559879177333812e+00
5.967461542516426576e+00
-7.716663753180908358e+00
1.053622768864891412e+01
-6.234377319683073182e-01
-7.701045475117322070e+00
1.218931159909080897e+01
9.303133219102122098e-01
9.826041839334671124e+00
9.235045878594476676e+00
1.340695120146243813e+00
7.656784562674096684e+00
1.128770345700391609e+01
1.050046506294157922e+01
-2.275273904258194868e+00
9.850702357298613876e+00
-1.201455987343459064e+01
-1.035667240285399338e+01
-1.193218970663895107e+01
7.893705355085565145e+00
-1.211781561220641024e+01
-1.093987539518503915e+01
1.039559716256157529e+01
-1.152772318732399803e+01
7.673329829792946200e+00
4.871124021433423046e+00
1.036470509913911719e+01
-1.081101531766064028e+01
1.182323780852166806e+01
-2.645209906614849338e-01
-1.095654909508201058e+01
-1.119843798275547009e+01
1.186476855199627778e+01
1.189948117158694529e+01
-7.040042221344780415e+00
6.596168376013730850e+00
-1.178668696788684933e+01
-1.155207154899540001e+01
3.204213903121458262e+00
-1.062242857808745278e+01
-7.702383375836324930e+00
9.229509843344541054e+00
1.179486872388321572e+01
-5.650877108077104083e+00
-9.053275870480101517e+00
-9.498519428565243672e+00
1.507718941191504847e+00
8.909937666044591253e+00
1.168237250601613653e+01
8.832305797479872211e+00
9.994955746817826281e+00
1.079996877309664782e+01
1.129885023189926940e+01
1.057683509495533158e+01
8.791207027151203945e+00
-1.097365449678763483e+01
-1.163491894358864265e+01
-9.510308180252863508e+00
1.166885121014135684e+01
-8.563301158037599947e+00
5.011890886149487301e+00
-6.672040038160647946e+00
9.240093685844628979e+00
-1.136778973327170306e+01
5.354341602278839929e+00
-9.313540831885555704e+00
9.795702127195168529e+00
9.789966298632702291e+00
7.441959023983566901e+00
-9.415306891242687826e+00
-8.219980580153681160e+00
9.916044894613383676e+00
-1.128012942444969546e+01
1.145106216334998983e+01
-1.070362251027403211e+01
-1.194460096377968128e+00
-2.178975280747850185e-01
1.063966075643194742e+01
-1.092490304193226613e+01
-1.056370012361343758e+00
-7.614800726018177812e+00
-3.865238146732585811e+00
-1.075617596157476541e+01
-7.653700994139089886e-03
-3.282556804062024547e-01
-4.508491837075162323e+00
6.443018994384517306e+00
1.129042635087584934e+01
6.178565456164792913e-01
-1.101131904197728772e+01
-4.402135686713610774e+00
7.314294334361369998e+00
8.956420050548867806e+00
1.097395365616087304e+01
9.497226325811320535e+00
1.698683834836284934e+00
1.117250201190335446e+01
4.676436062389062620e+00
-8.905354046498079157e+00
1.089822838335565969e+01
9.067216072723185860e+00
4.552304714592401602e+00
-9.002304163019788419e+00
-9.208266938289597192e+00
1.106717857248277248e+01
-4.580656745790670392e+00
1.103146198242691334e+01
3.809660911438196962e+00
7.782074743599931566e-03
-1.075502433528698454e+01
3.795829060479256611e-01
1.097357624248685148e+01
8.053745858949003633e+00
-6.425592451585516507e+00
-1.082089940434398656e+01
6.156860151779250501e+00
-9.763565435854838270e+00
1.070854648934389175e+01
1.744495854301528759e-01
1.052096944692230451e+01
-1.074935754851892611e+01
-7.514996290861084560e+00
-8.169442038535551731e+00
-2.655688286151830724e+00
1.005901775128758757e+01
1.561050477784352797e+00
8.712948828522016242e+00
3.276983531889194445e+00
-6.848138215334978796e+00
1.023728615855692325e+01
6.109223231225328732e+00
4.822708909783425923e+00
2.593542888951894110e+00
9.196200939887061665e+00
1.036629012147582962e+01
1.061199122622860758e+00
-7.874776310596108608e+00
2.233683223465473766e+00
-7.627782893229344552e+00
-1.289734628637777547e-01
8.838758657386780015e+00
-3.679220883758141269e+00
1.338768408818681976e+00
-3.641507819641543353e+00
-1.007229786921734949e+01
7.981555786599513702e+00
3.952056771840055660e+00
-8.147069549317853543e+00
8.505655632179188075e+00
1.018719791061590030e+01
3.367343362809392726e+00
1.016032176129968612e+01
9.460091429137273522e+00
-9.787574681076845806e+00
-7.362833769879828516e+00
6.938221964548644038e+00
1.034152730800914455e+01
-1.030661581864560894e+01
-9.125584220534463498e+00
2.387424494812544040e+00
-2.817234456139097176e+00
8.094274387799522685e+00
4.300936801772731854e+00
-4.855669707773643040e+00
7.336947716451207135e+00
7.258070714107677901e+00
-1.469395838078648042e+00
-8.562794511544550957e+00
-2.161045250716310484e+00
-4.602717677016310738e+00
6.999035836008768996e+00
1.449214411316598561e+00
-8.647365787895108014e+00
7.583853843958976881e+00
7.141485530162753115e+00
-2.000686949567541006e+00
8.192392564422148027e+00
-1.004988330846389033e+01
5.627809099471246412e+00
-3.568820144583894738e+00
-9.163992247997345686e+00
6.251639187364776085e+00
-8.252415499340677307e-01
-9.853140562774839850e+00
8.136568842145337044e+00
8.827128054908500943e+00
3.401032054322187470e+00
9.841441837316287078e+00
-1.976999707010830498e+00
5.702796932687510534e+00
-7.576372888072397060e+00
9.562300237259611535e+00
9.100402133811037686e+00
-3.918417011964581143e+00
4.337229702779491269e+00
8.787103937125644748e+00
-8.007809471229808906e+00
7.683186477414796656e+00
-9.809835772129579468e+00
9.052513740883886939e+00
8.122374037057872087e+00
4.598249864035994783e+00
-9.092947873460337505e-01
7.670918675944006893e+00
-9.634343627640378216e+00
-3.626623342264872818e+00
6.434884952165035976e+00
-8.579458924130351605e+00
8.883002167270833027e+00
8.331790910707054465e+00
-7.522560568022737648e+00
8.107560201463277494e+00
5.072157418780404825e+00
-7.879908799783150286e+00
7.643569268141175321e+00
-5.762814287077562270e+00
-5.697934726786129112e+00
-2.737145459230155620e+00
5.965675150345065347e+00
8.456639368989234740e+00
-4.982095283663237950e+00
4.063571300120232266e+00
-6.265743579592799151e+00
8.998604528535492975e+00
-2.489810206469993847e+00
9.123432044079645920e+00
4.816773214100502187e+00
-7.047751913936059154e+00
9.362821059820152669e+00
8.540043505195891171e+00
-6.909256409564759061e+00
9.392744910630359101e+00
-8.566707295534762068e+00
-4.030373416405564235e+00
-7.771422386278214134e+00
7.730749876114338726e+00
-5.652683552664976574e+00
3.303212952179338302e+00
5.601450599193777968e-01
-2.476050654957774544e+00
2.087923812587368921e-01
4.739088084219243768e+00
9.090002006813771018e+00
5.302231267407564452e-01
-5.243461917481267776e+00
4.037167043154931356e+00
5.443039759463331961e+00
-6.846739604552912084e+00
-9.066907452084215890e+00
-5.819534332700332158e+00
7.858382775471708825e+00
-8.792940031601327533e+00
-5.047847999873441793e+00
-9.066324487286221867e+00
-7.458612825307604055e+00
-5.365271913034371565e+00
-8.489294098773061847e+00
5.111322923206978786e+00
-8.201393996557568400e+00
-6.739711821356783261e+00
2.394176475379814484e-01
-8.647208171527015708e+00
-4.802757550609380033e-01
8.467867360832583401e+00
-8.232229008891167155e+00
6.940318902956808422e+00
8.927869455808368215e+00
7.479049294769390954e+00
-3.776335946999394899e+00
-8.842183833990624464e+00
6.393883237365919570e+00
-7.074500143436194044e+00
-6.243397631564119976e+00
8.799309342289365787e+00
-2.653182620023369687e+00
5.422230307235349045e+00
2.700385066147698243e+00
-7.854873879076802901e+00
3.512166176648239713e+00
8.612138848633604127e+00
-4.065485256814910464e+00
-8.738172987209122056e+00
5.641865375183933828e+00
4.837671641201550798e+00
8.700509405072986979e+00
-8.176431897310077801e+00
-8.127871066689621671e+00
-3.264015359605730193e+00
-8.602728306938692171e+00
-7.948317491396601042e+00
8.362289976381811485e+00
-8.328834118201193348e+00
-3.991260406032320684e+00
-8.000060296148449268e+00
-8.506987933447113903e+00
-5.007704252043515325e+00
-3.025726738561640872e+00
2.988876047924738710e+00
5.470878265966034881e+00
-3.478569719104927849e+00
3.080965967393192173e-01
4.684250101483988793e-01
8.294922468441168206e+00
-6.559696571067293647e+00
-7.139757054327455776e-01
8.342716852330502419e+00
7.505520305524206570e+00
-2.813676540556066641e+00
-7.898157237856463730e+00
6.968898811995449805e+00
6.046284564609441858e+00
6.176028468694624962e+00
4.700998718074604454e+00
-6.144231650285247426e+00
3.476457602751761744e+00
-8.269790959459617952e+00
-3.809459314605064595e+00
8.010401712088137671e+00
7.792869345096193001e+00
5.322983252346761951e+00
4.486599330262825092e+00
-1.656406407567660999e-01
8.187919414112082350e+00
1.471984664778438034e+00
-8.005882453334264071e+00
-4.458547625950569859e+00
-7.960208530512220548e+00
7.779200996881170838e+00
2.856317347233055859e+00
5.370156484949966114e+00
3.141880613546341294e+00
-5.594171208534715056e+00
2.452742736876504459e+00
6.139978033956001724e-01
-7.020461399944405656e+00
8.010688167692133987e+00
-2.912445568510273475e+00
7.984449554302234908e+00
-7.903568096201111004e+00
-1.351848685060253796e+00
2.311387800164300899e+00
-2.516180026157353922e+00
7.865291115462749616e+00
3.672548722535737831e-01
-6.653275207089708765e+00
1.384382693236051676e+00
-7.482202167680241267e+00
5.772887868178486759e-01
-4.733124442857501890e+00
-4.964940628131602196e+00
6.499308658656692828e+00
-7.495021391167560054e+00
7.685639462724805249e+00
7.301492621034952002e+00
6.265393161448371551e-01
-8.467876923780792708e-01
-6.704709653679399750e+00
-4.688100101623609461e+00
4.807623584828063734e+00
4.883161285609802782e+00
6.451472084048839761e+00
1.446178087826786252e+00
-3.685746831302119109e-01
-3.172006471766555258e+00
6.254044222085229698e+00
6.034296114922436338e+00
-5.606349943117216128e+00
1.353823705063815552e+00
-3.339750630028087919e+00
-4.581786328605401692e+00
4.736779946726421109e+00
5.758091970555964778e+00
6.788583986045097163e+00
1.915955674891460125e+00
5.522834192369302286e+00
7.391365686319584682e+00
3.492667055358278372e-01
6.948996455177342213e+00
-6.528888368098292538e+00
5.750278571545870854e+00
4.327997634686839845e+00
7.054791202557902707e+00
-3.703100048236039665e+00
4.416768399800704792e+00
-5.481248492282576379e+00
5.133096693685516243e+00
1.534742562561368873e+00
5.339035067501868070e+00
-5.960230071630955528e+00
-2.972108717469099659e+00
-8.008539331730801791e-02
5.245136896960206130e+00
-5.205331586274681399e+00
-2.124280295255942086e+00
7.240289363474960993e+00
2.962983426162907108e+00
-4.346594780590304907e+00
-4.112808577489390771e+00
7.185792695216937531e+00
-7.040454955344682020e+00
1.641950391211359550e+00
-7.158373353984829990e+00
3.727421375337189424e+00
-7.105822624542411425e+00
3.612853910763837106e+00
-6.942046043346911333e+00
-2.490694811083405291e+00
-4.567078888235520218e+00
3.082172728057390287e+00
6.802952986155718307e+00
-6.218238179744512095e+00
-3.311271576841793962e+00
-1.318074416573079777e+00
5.980974394246078241e+00
-6.991490386657388534e+00
-1.634279099718294326e-01
-2.118750738950186729e+00
-5.755608353904142938e+00
5.058312592251505535e+00
4.177744968388761304e-01
-4.657359789982621123e+00
-4.143339137615776657e+00
6.507289235373936442e+00
-6.702963868170724204e+00
5.413154704178695376e+00
2.381272951919260361e+00
5.518646509798785793e+00
-1.118904614433037015e+00
-6.371408103199327044e+00
2.436907295313532895e+00
3.759834721636676313e+00
4.855281113489566813e+00
6.746562240089134299e+00
5.609279831025115293e+00
-6.730151987074671993e+00
-6.343512908176590415e+00
-9.862330628695601398e-01
-5.664022056391355697e+00
-1.546045125476979587e+00
6.300100210036472248e+00
-3.274713389261434404e-01
-1.624438857636734124e+00
5.437825432317985985e+00
1.336290876870606770e+00
-5.538947357548394734e+00
-6.420474381233758798e+00
5.428513571288680062e+00
-6.268639152346435317e+00
5.289103926031229364e+00
-2.502336614801426773e+00
-1.385462056210791326e+00
3.535797506862045747e+00
-3.107211864786274091e+00
2.905831468742388068e-01
6.136990499457078307e+00
1.698253439825585964e+00
6.000612061848104695e+00
4.440074451093933838e-02
-6.323042981657349237e+00
-4.023676950658481744e+00
8.301246086458796691e-01
-1.589423679334180495e+00
-5.954676278916752885e-01
-2.239697239650225491e+00
-6.287956682647112494e+00
1.512906762094515134e+00
5.795643756744436992e+00
3.464040690121785726e-01
5.171713409756268476e+00
1.473888653493456991e+00
-4.776211189615490404e+00
2.687317971045636966e+00
-1.474653785066155187e+00
5.224674096824738712e+00
-5.468393479235059473e+00
1.649303363645180598e+00
5.561192633189398826e+00
3.926127380260699518e+00
-6.151802310653247119e+00
3.259847102585601952e+00
5.480594827189944951e+00
2.954659405222648694e+00
5.120052786501790187e+00
4.163150963278452465e+00
-3.141351298528165081e+00
4.461668319269442406e+00
-2.049353765103476555e+00
5.841690131253424845e+00
1.297617771421128774e+00
4.582478908273992957e+00
-5.881454813073188070e+00
1.992016771793760688e+00
-3.671894645488320563e-01
4.451994434664054978e+00
-5.074063551922549209e+00
-3.002596275185753782e+00
4.331377553740066055e+00
4.667046586803464514e+00
5.888158534356132456e+00
1.932027791657793259e-01
5.232211582752866796e+00
-5.736222179913688102e+00
2.435959144241501395e+00
9.811349357660653636e-01
4.783104902890949361e+00
-5.792331436898239261e+00
-2.606459560607086168e+00
5.623712471166554039e+00
3.064731577865700274e+00
4.346666430168337314e+00
5.705984283739874208e+00
-4.878532550896332864e+00
-1.496481597417145704e+00
-5.497351950887271244e+00
5.165448996695705119e+00
-7.132998751087238354e-01
5.498578053093692297e+00
5.344885663094669503e+00
-4.416083341690768549e+00
-3.858051634304793254e+00
1.229159179813063885e+00
-3.690386345989189465e+00
-2.060720787560509137e+00
4.544018295868522017e+00
-4.264561032585096001e+00
-5.517784934676366326e+00
5.520596297359283255e+00
-1.746622491868452087e+00
2.539993473731898987e+00
4.636252982888674268e+00
-1.157986976127271417e+00
1.306217696415260310e+00
-5.256934691396653037e+00
9.727004862053257872e-01
-4.306633144169650151e+00
-5.404753841189124941e+00
-1.463260601161842756e+00
-2.538023775337659771e+00
-5.359599288800604100e+00
-2.903591914684387376e+00
-2.853440458622209519e+00
1.375177008077889340e+00
-5.312796372791169119e+00
-2.809268537034553592e+00
-2.411145099729077756e+00
-2.995174099817844660e+00
2.811374430030558980e+00
-5.037753752165728294e+00
5.205314039719353580e+00
5.147885571374845703e+00
-5.089103367175646930e+00
2.667230573981960617e+00
-3.663029335347454118e-01
4.835763740915763442e+00
2.999409607362257368e+00
-2.951455552906341318e+00
-8.494321747013746648e-01
-5.077862563976013099e+00
-4.337653716386201452e+00
-3.632183770187050076e+00
-4.265216380710410427e+00
3.925425315285360206e+00
3.286873738535564193e+00
-4.834904200182821299e+00
-1.227124303591006660e+00
-3.684036121961376864e+00
1.415646594412970805e+00
-6.716844453806913862e-01
-2.165300905250506780e-01
-1.062606162422363942e+00
-3.645337998357629949e+00
4.606180753118456650e+00
-1.209102880877431563e+00
-3.765348244941355560e+00
-1.050063876400791463e+00
-4.760259434707450943e+00
3.752534478385224137e+00
-4.137595721751477384e+00
-4.839985142280618824e+00
4.034183205379457959e+00
2.487995452107683025e+00
2.917807887402270595e+00
-2.688133725812662966e+00
-4.728385882843213928e+00
1.840057963639810890e+00
1.427282716011749164e+00
-4.618141003517271415e+00
4.657669272804467298e+00
-2.996122224318102933e+00
4.605779802074373208e+00
-4.566719684913802979e+00
4.344240423808569673e+00
-4.394438111611531639e+00
4.420186365415440299e+00
-1.519605192238557834e+00
4.611200172142984499e+00
-1.788272216840895990e-01
1.405616606295210236e+00
-3.955566789975272002e+00
-2.933072994787818466e+00
-2.025561851460397023e+00
-1.682629262782468160e+00
4.444478971928250033e+00
-2.864313099132019591e+00
-1.988258236283267699e+00
-4.393260376336410644e+00
-9.572876688605240769e-01
3.116722028991888216e+00
1.674962038112751461e+00
3.507293091453483669e+00
-4.214183086962927760e+00
-4.343124890743476740e+00
-2.888642290302303461e+00
4.308577125419132514e+00
3.434043687892098795e-01
-2.259588761746501584e-01
4.220242630158351105e+00
2.955817644365636987e+00
3.889567950605301583e+00
4.301835843376045965e+00
2.144330680812991385e+00
4.251080749395310221e+00
-2.922867670502387494e+00
-2.691286227920453022e+00
2.158940713007561296e+00
-3.476564385348007935e+00
4.199642340494848192e+00
-5.168316862051414162e-01
2.254283486579217843e+00
-3.303958561729835264e+00
2.784824796287959980e+00
1.831022015865288122e+00
3.485027092280668093e-02
-3.403340461639702275e-01
2.982451691640250591e+00
3.676331964747916015e+00
3.935165316869352115e+00
3.087179095387790451e+00
4.035321428645211483e+00
3.889221302757764231e+00
-3.189189936973241046e+00
3.371714489949153570e-01
-5.573988493975383651e-01
-2.002203832729421151e-06
3.016474670802328450e+00
1.600446586337522792e+00
1.901899628600161485e+00
2.585381018902292993e+00
2.368582138064584175e+00
2.680172249119001648e+00
-2.934075741072882160e+00
-2.564489858529610089e+00
1.728934261731831290e+00
3.835857842433801235e+00
2.795798886532738337e+00
3.122470231073328328e+00
-1.661388486988436775e+00
-1.690556882180889620e+00
-2.858974146916561487e+00
6.696679531484202030e-01
-1.951125877601787462e+00
-2.526838535597404345e+00
-1.598678431589601878e+00
1.620386365560242403e+00
-1.975540447422776680e+00
-3.584634688824588356e+00
3.623655325438358332e+00
2.640157500857858608e+00
3.635869519515046555e+00
-1.712215462907945129e+00
-3.494459375320227768e+00
-4.388117458690538042e-01
3.585896935338193536e+00
4.840107205219874587e-01
-3.538922540382392956e+00
5.251527646041155295e-01
-3.552829900964349363e+00
3.522396747072056744e+00
-4.825725677206882391e-02
2.222631689728982618e+00
-3.434392754377437740e+00
-3.474607896205958557e+00
3.340016052714983363e+00
6.401496537247837182e-01
-2.467755140022025895e+00
3.550515578390834870e-01
3.064093632163693570e+00
-3.015033992865659318e+00
-3.104056396284003316e+00
-1.994081206898614234e+00
-3.324739532619039206e+00
-1.038470082477406908e+00
-3.300487423099493611e+00
3.186135592266741590e+00
-3.313623384693577201e+00
1.827744293979352452e+00
-3.152979181366784012e+00
2.329684134829645981e+00
1.468865181637693862e+00
2.811086555772149165e+00
-1.859686654271246464e+00
-3.174037433991157453e+00
-9.125667595098059248e-01
-2.684497197984328842e+00
2.039073149072017088e-01
1.860238669519828969e+00
2.734780774283112947e+00
-7.291584124367378461e-02
-5.306715158629583540e-01
3.109668703814165269e+00
3.083739978912205970e+00
3.085978881342247071e+00
3.055433549548705940e+00
-2.915719759858994564e+00
2.181040254034148695e+00
-5.080908113963182871e-01
-1.941731857386018056e+00
1.984913566100287463e+00
-2.999494095119363823e+00
-2.634491572099045831e-01
-1.474608478917921683e+00
-1.580745735769885307e+00
1.652306016703666280e+00
7.653748780266658169e-01
2.514622610350687903e+00
2.153572736181136982e+00
2.865629108976578632e+00
2.862621128909442536e+00
2.666664638991477432e+00
-2.373290985607658499e+00
2.608217360629324411e+00
-1.115809031757947434e+00
2.738530500203644635e+00
1.384129681975661663e+00
2.727344603791627353e+00
1.918673205359624268e+00
-1.506144522740096248e+00
-1.123672635795518682e+00
1.084959053499180648e+00
5.825179596696011819e-01
-2.686270511165470776e+00
-2.326913600038714947e+00
2.077496203214863613e+00
2.054251682621939246e+00
-2.441095933289076925e+00
-2.506126500198912588e+00
-2.529292676246297944e+00
-2.168189546584778249e+00
1.577891341686443294e+00
-1.006837190279201266e+00
-2.141911161725066570e+00
8.514369166535317168e-01
1.677479097595090618e+00
-3.821775944810131831e-01
2.392959688800911700e+00
2.514250749882058766e+00
1.692455665082557070e+00
-8.289335674729414460e-02
-1.186959853830580114e+00
-1.999734517502033126e-01
-1.783771393545565243e+00
2.425967157760412718e+00
-2.017714102411723776e+00
-2.394697977076912565e+00
-7.055925219819514371e-01
-8.196898643850298871e-01
-1.711278791692585344e+00
-8.237640731663230520e-01
-1.292631400949710185e+00
-1.409675875478376472e+00
1.783079803549688647e-01
-4.420634272907597584e-02
6.341701190350417239e-01
1.464096884647650532e+00
2.263781686609487309e+00
-2.196620646763673967e+00
-2.188673393368642195e+00
2.217172862762655239e+00
-2.124847135962442568e+00
2.095256219899053196e+00
-7.374405352246842238e-01
-2.171580353765454330e+00
1.000133037257955326e-01
-2.138725840317770466e+00
4.623851727352223939e-02
1.989955095062986512e+00
-9.572333045121084183e-01
-2.073833017745219109e+00
2.077877752168460379e+00
1.661824697958536046e+00
-5.326552992262424402e-01
1.357050340602032223e+00
1.760109914100499662e+00
1.055515896599676928e+00
1.232835721901674120e+00
1.081789611876833757e+00
-1.761198858042095416e+00
-1.115813306656779691e+00
1.896066310381893327e+00
-5.582669958411988764e-01
1.589154111597903984e+00
-2.428936380760405855e-01
-7.510930740453856114e-01
-1.586598010417575200e+00
1.656020605683891311e+00
1.857805916241569655e+00
-7.820128400524315460e-01
-1.596659027620694671e+00
1.673352193643907193e-01
-9.953597960970812508e-01
-6.467111282060323818e-01
1.630449496512044849e+00
-5.869160555293428949e-02
1.744230027445816456e+00
-1.524309269008219392e+00
6.612680586488773882e-01
-1.645618990233486345e+00
-1.044859678844580975e+00
-1.351313219372916041e+00
-1.575681461787155957e+00
-8.822636261406127112e-01
1.064318037048202825e+00
1.472097188838265902e+00
-2.068585037672496796e-01
-1.912801781760620212e-01
-1.566809702024282380e+00
-8.012336126135851666e-01
-1.492249707895968225e+00
-1.267005550719832341e+00
6.995036833469520099e-01
6.714131654130155447e-01
9.851129229722852543e-01
-1.358503753362368727e+00
-1.331292433502490935e+00
-8.269912348237451472e-01
7.315345974750693259e-01
-7.800989908115785187e-02
1.372746510489067040e+00
1.333747431130424488e+00
3.101369921507763361e-01
1.356214300671035655e+00
-1.345712823760089050e+00
-1.309906571983971757e+00
-1.321788063969101534e+00
-5.557938043643723125e-01
-1.297083420516006225e+00
1.206349215330754676e+00
1.520481014871895020e-01
-7.425012412282103735e-01
1.275577630857892775e+00
9.275317913940689385e-01
-1.136046287181838865e+00
2.510245399623699525e-01
-6.797988356564188539e-02
-6.230391968237778411e-01
9.340328457553791486e-01
-1.134541388298309306e+00
-5.749735888138826079e-01
7.715174596107218230e-01
-9.778047034265595627e-01
-8.811253973779238358e-01
5.312311546751522506e-01
7.831049245934912362e-01
-1.096373699019054682e+00
-1.044315374310783584e+00
-2.313576886289236967e-01
-4.352503711588729396e-01
5.491327099279248447e-01
-8.263239921674379040e-01
1.017291718061906769e+00
-3.624134423307523445e-01
-9.525984462123681107e-01
-1.690553438269851716e-01
-1.560363335744120172e-01
5.792326968539622811e-01
9.093820653512532104e-01
-3.657719116631164002e-01
-1.126699998124359725e-01
-7.132675082163356106e-02
1.541756420359906010e-01
-7.773397977850218799e-02
-4.076768995638052617e-01
-5.900543259180962563e-01
-8.089208602775618262e-01
-8.189719052915498398e-01
7.502558947939306222e-01
-1.931302389749974535e-01
6.756983705488703862e-01
-2.205110334549240381e-01
-7.071268970935544740e-01
-6.655606109470852960e-01
-1.690107353833623649e-01
-7.152270019416744340e-01
1.939062322286055906e-02
4.944189491100515754e-01
6.577383359066872881e-01
-1.289043992621066448e-01
-6.282135168946437753e-01
-1.788133645245852665e-01
-3.848650223451119401e-01
2.302822962416334329e-01
-5.917452447536749593e-01
1.665654303071866238e-01
-2.086158705297849469e-01
3.782555259728344055e-01
-5.407295960183077232e-01
-5.310895971058393616e-01
2.165519390090011598e-01
3.112210120273804503e-01
8.748972021972492574e-02
-4.271910191437550131e-01
-2.693627410702068570e-01
1.858443697552949470e-01
3.058180598762971769e-01
-9.187234078006101257e-02
-4.004734681299124688e-01
3.448177849886351343e-01
-1.715807162059843904e-01
3.702796513301845338e-01
-1.261495758025497349e-01
1.712535602516503941e-01
2.871160236848118719e-01
-1.555334259599173152e-01
-6.231742219064514976e-03
-2.885295953774605904e-01
-1.612484189541695812e-01
-1.271313660720498617e-01
2.132877889636896618e-01
1.751095212525943801e-02
1.943497943883844281e-01
-1.059405938672349917e-01
-8.522596399476216333e-02
1.462494661322074063e-01
-1.507681042609924915e-01
-1.243652413543277352e-01
1.170788515082552134e-01
6.673920937124323827e-02
1.241546262438580905e-01
1.040444327345895342e-01
-3.344909627270389874e-02
5.479930091871179632e-02
4.365812063631388518e-02
2.091437367179280887e-02
3.806927041409155499e-02
-1.960155267899609671e-02
1.792583168267897209e-02
-3.146686438594287726e-03
1.465298879678881899e-03
1.684776411478228035e-03
-3.070981807062358321e-02
-4.386894620036270454e-02
5.807956967201530207e-02
6.611190729042942804e-02
7.983501088999361839e-02
-9.888852664283727389e-02
-1.048768599867362511e-01
2.952748387161557506e-02
-1.393609828896735445e-02
5.664078327212633546e-02
-1.256405255448850844e-01
1.058913060422980723e-01
1.768078923218625864e-01
-1.238360661410388280e-01
-9.512482540484026861e-02
-2.073497357148926523e-01
-7.003840824985975433e-02
2.310955100386868355e-01
9.876646882589455723e-02
1.459068866436726841e-01
1.746278387848450020e-01
1.682455530418928147e-01
-2.355952099557184209e-01
3.226623741889770303e-01
-2.529781491459635601e-01
9.807676139082446842e-02
1.532845321081980627e-01
-3.432617700020753060e-01
3.520817859650420267e-01
7.059772614137320434e-02
4.145492082004724466e-02
4.226698892884083181e-01
-3.532564439298872538e-01
2.886801694421133879e-01
4.767149318842203165e-01
-1.196741239317329897e-01
-3.964495447721081423e-01
4.941163127181790182e-01
2.397340439555707969e-01
-5.454845340725223979e-01
5.550469192861114953e-01
5.684368305411383604e-01
-5.687223694571166277e-01
-2.363112192465578465e-01
4.352537772566761332e-01
-5.411134072271515105e-01
-2.304470589475557385e-01
-3.793896319320525512e-01
6.458284411747903242e-01
3.417592140525340660e-01
2.250533405284116661e-01
6.542393914630697527e-01
3.505745870688705690e-01
-3.652425939374635000e-01
-7.426337264738899213e-01
5.969408810820171496e-01
3.754199948142757925e-01
7.629651089286968446e-01
8.300565522754194125e-02
3.325782123927457090e-01
-8.206459746067302774e-01
7.072761855200438985e-01
-8.252798942170548324e-01
5.217659368856710778e-01
8.542694774250161327e-01
-1.266286447086854006e-01
7.564752329901861527e-01
5.239950256828852515e-01
-1.283796296502170975e-01
2.661947621686269194e-01
-5.344686872615358464e-01
9.609702390935425109e-01
-9.704666868377738176e-01
-9.900888831199586848e-01
-8.521118967881755601e-01
7.491023416244892985e-01
8.955351844916319415e-01
-1.035856549282548222e+00
-9.441711152537971552e-01
-7.813084569438432103e-01
2.992248926649928586e-01
6.184635978961832148e-01
-3.469154758039322273e-01
1.685208775001517945e-01
-6.150676163313189004e-01
-1.023175783473887268e+00
-1.091686469967889872e+00
-7.991830405426787465e-01
9.644623137508270272e-01
-1.012326107160480770e+00
-1.175739382066068650e+00
-8.908468427911530041e-01
-5.190902507811345767e-01
4.338696204035831783e-01
-8.433462972942653568e-01
-8.961669548338161428e-01
-1.127801330278193515e+00
-8.028470492958084126e-01
7.012461844179127546e-01
-1.053371462911523837e+00
1.347093572271817141e+00
5.808654196619270627e-01
-2.093001508630920049e-01
-4.334556727245114094e-01
-3.999787651019427459e-01
-1.028790764771849497e+00
9.354315202394363205e-01
-1.240950282810743488e+00
4.877490657625928039e-01
4.281940180395271689e-02
-6.653427941805083456e-01
-1.123847370837396609e+00
-5.272230411978725551e-01
1.399406328273260280e+00
-1.294026638333954260e+00
-2.737760820357798552e-01
-1.400104293457477000e-01
1.046262047600406087e+00
-9.339333888542411533e-03
-1.265992933677207555e+00
-1.608879173033768151e+00
-9.222417303572321146e-01
5.987348069530094019e-01
-1.588871321226484445e+00
3.995745258409962863e-01
1.578088698973197701e+00
1.537922301754563792e+00
-1.611680081666642561e+00
1.310646674581559257e+00
9.652791078546474335e-01
1.589337369568101899e+00
1.697054670473491678e+00
1.521667848672576540e+00
-1.752468405237811444e+00
-1.702192417285941062e+00
1.479271750941167252e+00
-1.768955931382106161e+00
-1.818193391646036217e+00
2.715917748658112640e-01
-5.953215988495282884e-01
-1.861675885388333729e+00
-1.546719421264333372e+00
1.833097261107033971e+00
1.785493012397696200e+00
1.150168246492270230e+00
-1.750858556869395954e+00
-7.615797396874061098e-01
1.901806806151297824e+00
1.340936661378834049e+00
-4.810276341788931043e-01
-1.811476071354797490e+00
-1.854757247332839531e+00
-1.989193365117230439e+00
-8.988484057144114914e-01
1.387246700291684398e+00
-1.247307232573056979e+00
1.799882069439084464e+00
2.998022470864047939e-02
1.883968595711887684e+00
3.986755242537246557e-01
2.026560084961020802e+00
6.475137677684231763e-01
1.271105145283894178e+00
-1.298603377794223857e+00
1.146649283050173995e+00
3.418155420591577620e-01
-1.698539434099499701e+00
-9.121861191504820887e-01
2.076004080992521761e-02
1.022252447689576238e+00
-1.664580115169454144e+00
-9.102019620773558195e-01
-2.005427264980374158e+00
1.204680104786592265e+00
-2.186625748966550820e+00
1.129319859588366448e+00
-1.095311246676423211e+00
-2.204939424325320640e+00
2.335813200937221890e+00
4.261800315042801879e-01
1.653815597303567309e+00
-2.348736628539325633e+00
2.417563672200057745e+00
2.424850476619482276e+00
1.522798367876921244e+00
1.778138153595042237e+00
-3.553110583293809244e-01
-5.749969009733427727e-01
-2.273140370238214025e+00
1.383034879542777151e-02
2.484282524318424556e+00
2.487885199069532760e+00
-1.969448309744371128e+00
-2.105373476724109238e+00
2.449134999775038679e+00
2.078646379733981142e+00
-2.579578159686560568e+00
2.256276779969183632e+00
-2.627140753827640118e+00
-2.344117585083819844e+00
2.629518678180250202e+00
-1.706807201481925329e+00
1.239474939480999183e+00
-3.059142520052271497e-01
-8.254802922607529236e-01
-8.449315779107350322e-01
-1.141195735015479551e+00
-2.022639913889206831e+00
-8.697756750450340579e-01
-7.462642726821675510e-01
2.440139472913172902e+00
-1.248540114740967155e+00
-2.805287753792980787e+00
-2.744446864001770514e-03
1.631894977229817023e+00
-2.781681181529743530e+00
-9.409497445718290054e-01
2.462673393360559349e+00
-2.105174009008540015e+00
6.311073341003256010e-01
2.175258256009664937e+00
2.931066216831708537e+00
2.515169353169514288e+00
6.505921701104258048e-01
2.271125849446815614e+00
-2.822891575922222618e+00
2.815353910428015638e+00
-2.644685203305170429e+00
-2.868797871206069328e+00
-2.738510155127077184e+00
-5.350229919889050167e-01
-3.067876225895555198e+00
5.310064355820757198e-01
-1.660087073463284213e+00
3.092641181296591490e+00
-3.087446778901000943e+00
-2.143619227677761252e+00
2.708945532238603793e+00
-3.078816230413539579e+00
-3.673186848551057704e-02
1.691285772701371926e+00
-2.217101604852729668e+00
-3.185757729123860571e+00
-1.367487594195136325e+00
1.076587991623505491e+00
3.137753775334568118e+00
2.850381440127750743e+00
-5.616532235829797548e-01
-1.716197482337297187e+00
1.542115566178251518e+00
2.681115801351206862e+00
-1.668932743063278767e+00
1.007695879569598052e+00
-3.188145599262355301e+00
-1.249114094378670714e+00
-2.668080970541339081e+00
-1.554596871867652608e+00
-1.751418938888982701e+00
-3.246267948647743928e+00
-3.482246242659482460e-01
-2.055306576327986523e+00
-1.604247279594730458e-01
-3.274500093586067528e+00
2.588254433934756849e-01
1.133081149897756656e+00
2.871461227555978546e+00
3.114626334566823473e-01
1.697562061417518642e+00
-1.506509700672068464e-01
-8.609366540946861157e-01
-1.888206600182924522e-01
4.022531941546408918e-01
-3.507799112190407964e+00
4.823926508593829876e-01
3.232053314941512490e+00
3.645322456534720867e+00
-5.195819643988515146e-01
3.651432281733232532e+00
-1.147862107901321593e+00
1.365786112652053630e+00
2.604894294674176880e+00
-3.663851314439326323e+00
3.131928931881004630e+00
1.164263990684612171e+00
-2.629755427279802937e+00
3.533120641197962986e+00
3.379299127324472352e+00
-5.352449615219397883e-01
3.396896643189998954e+00
-3.354423464577669822e+00
-2.120897213751057997e+00
3.854332284657915775e+00
-9.156915963415420689e-01
-2.306604669373706340e-01
-2.087107631576482270e+00
-3.705895635690423795e+00
1.178851241019963636e+00
-2.734309849392845937e+00
-2.928546092357168895e+00
-3.959080565949998576e+00
9.717930456394312522e-01
1.724845403294782642e+00
-3.559413471043360033e-01
3.866068914253003808e+00
-3.211209123734931836e+00
-3.376126864603695044e+00
-2.978411154443000530e+00
1.854221950881358438e-01
1.280055806290280263e+00
3.875779757248587032e+00
-1.097223830002713729e+00
-4.111092356344602905e+00
1.833951516279164196e-01
5.168891548251624002e-01
1.583711002315567828e+00
3.472346179861125481e+00
-3.631726387822507895e+00
1.365868914208641982e+00
-2.368709652164897594e-01
-1.730771410587716552e+00
3.749514439066722549e+00
3.687517960263676731e+00
9.312423640072484687e-01
-7.329479752701988371e-01
-1.025802249414464740e-02
-2.101127815385892994e+00
4.276239208340346210e+00
2.040792235839033353e+00
4.309226162690364959e+00
1.526979509541370739e+00
-4.000225565602152145e+00
-8.505359578119846553e-01
4.371548945479425186e+00
3.587827112148125330e+00
9.223597170216435437e-01
-3.519196469364795909e+00
-2.301722213174707043e+00
-1.891460812982308504e+00
3.835330116352751784e+00
-1.424421537971835461e+00
-4.496154947368808052e+00
-1.624928916749519781e+00
4.369160826471327752e+00
4.526869394763495258e+00
-3.478652595351854782e+00
1.200712499116723064e+00
-3.522475268231610279e+00
4.186940917665132211e+00
1.854180125914160815e+00
2.831015739823327770e+00
2.875031966387011639e+00
-4.439828816228667208e+00
-2.704023729839648560e+00
4.169633336499900977e+00
-2.857836227364976445e+00
-1.946609075683112255e-01
4.582089453917971511e+00
-1.915715804449133364e+00
2.490036495990298526e+00
-1.782866961136114980e+00
4.606736227187472110e+00
-4.416292020736296564e+00
2.569919260223358037e+00
4.564170331548173642e+00
1.363660722408145620e+00
2.383708681822341191e+00
-2.262142249316261733e+00
-1.861512968272699853e+00
2.811728870220947307e+00
2.955979207770692341e+00
2.718637850040107828e+00
-4.671863546756918950e+00
-3.507903333566651405e+00
3.329759685894145171e+00
-7.834697660722793611e-01
-4.141470078783224373e+00
-2.296259361470236016e+00
4.982734090184092857e+00
-5.768839705883721525e-01
2.949825147506390799e+00
-4.965087561950412898e+00
-2.859857511824157594e+00
-2.692022734952110863e+00
-4.856727613494500773e+00
2.899792311082578511e-01
5.312924583083042940e-01
4.252992174701826222e+00
3.275350032398860023e+00
1.211675134573048540e+00
1.840858192342746946e+00
2.914746252426349660e+00
5.160116151979631027e+00
-8.534293646253784393e-01
-4.053933606668402856e-01
1.826674022454154001e+00
-2.265840347184495229e+00
2.093565970475458116e+00
-4.225432468721328938e+00
3.368277305977991354e+00
-4.994202293596827325e+00
-5.028266728756515924e+00
-3.997428060128584537e+00
1.844153243354668126e+00
5.802495064540587055e-01
-4.649599224104125739e+00
-4.420059014678127340e+00
3.373494785574739918e+00
3.153991428321917478e+00
3.539877759529720613e+00
5.195511703193725239e+00
-2.519043250446307169e+00
-5.307517204427653290e+00
-5.744437249211394869e-01
-1.172204486955657377e+00
5.292769736619366228e+00
2.559982784627342411e+00
-5.309311612580317252e+00
1.164331874613338424e+00
1.264997613681660082e+00
-4.678563082457559474e+00
5.267561658139079839e+00
5.361253739890059933e+00
-5.511055943776049126e+00
-1.184003481410618397e+00
-2.713375470461069305e+00
-4.058808616857201290e-01
-5.600733020256889461e+00
-2.406596713570716695e-01
-5.626923199004477461e+00
-3.327606381922259438e+00
-3.330004087172670602e+00
-3.010344422208179882e+00
5.678373013339181874e+00
-2.246862176467338656e+00
-5.356376544488325564e+00
-8.743457381824607522e-01
-1.015265356814985864e+00
3.042069862806855873e+00
4.571888181322941946e+00
-4.767967314272059109e-01
-7.885689350798874564e-02
-5.399907404719950232e-01
5.818741139739658230e+00
-4.783693636563125295e+00
-5.848912145202784352e+00
4.425090100784912828e+00
-1.771633126274350101e-01
-5.467489506102301888e+00
-2.820361865005875934e+00
-6.640221646827411117e-01
-5.063355941926086956e+00
5.603478047585565669e+00
4.823029920551334726e+00
5.977674836443468642e+00
-5.820025356149746365e+00
-5.882580841384656978e+00
2.225601150233878389e+00
-4.905538510834895227e+00
-3.499330102807382215e+00
-4.515830043570432828e+00
-5.736404496679098131e+00
-3.124747323390884013e+00
5.132985295698185624e+00
3.914502397111411014e+00
5.398538796101326476e+00
1.765804083889321419e+00
-3.926346701405431183e+00
-5.383611649056964765e+00
-5.610608841384538081e+00
-1.870664456005846521e+00
1.973549602227104849e+00
2.457171859454004181e+00
-9.544998689726051921e-01
-5.576519887858561120e+00
-3.391622174231023301e+00
3.065090966620597435e+00
-6.280940887428593911e+00
6.152125503192616307e+00
5.999574093107483463e+00
-2.175709622980644298e+00
-6.213149680953480747e+00
-6.352168536162623447e+00
-2.346894365281920081e+00
-4.122681175145129551e+00
-4.117218058194824337e+00
5.576889084538436236e+00
-1.311975745005177885e+00
3.109598701880779803e+00
5.581432727676385319e+00
5.445773785836283132e+00
4.619537924479974578e+00
-3.323595496745542999e+00
6.475432374626646670e+00
1.632330547773988449e+00
-2.902444899464863504e+00
-4.372954290157997193e+00
5.474046682716240397e+00
6.014175774845019085e+00
5.429730505474492652e+00
3.279077819914003378e+00
-6.546671136359849541e+00
-6.425738840416376441e+00
7.516549496910474026e-02
-3.387729467644703174e+00
6.524157528871263878e+00
3.304761491138527241e+00
-2.956832300592145302e+00
-1.140365230132494689e+00
3.158928653075116166e+00
1.449138401915838426e+00
-5.286410866295404354e+00
-6.172155697102205352e+00
2.523735907908532194e+00
4.570317626126183086e+00
5.173102412372475811e+00
-3.883772688333575474e+00
6.802698466175532310e+00
5.885211827892639747e+00
5.965133858105179598e+00
5.727478622452673029e+00
2.128481458987261821e+00
-6.728264578447361366e+00
1.087538560136926513e+00
-6.704073072848493631e+00
-2.859044285161932208e+00
2.501982187860881446e+00
3.484414711324396841e+00
-2.634062581911351231e+00
4.284745162190491286e+00
-6.114894680405847716e+00
-5.965567075252186768e+00
5.168355835893310157e+00
6.820589358773554878e+00
-6.070621406846062662e+00
3.772220032645933863e+00
-6.551369755834960174e+00
7.059588948615692416e+00
-5.764074265405398023e+00
2.058669025871413094e+00
-6.270625183313364381e+00
6.019883876756644270e+00
-5.789614533359785931e+00
2.802116948040140887e+00
6.390635927759628743e+00
4.291311581385681695e-01
1.251991583667414476e+00
-5.976207986844869424e+00
3.813213830068709953e+00
6.438327703958051984e+00
4.140288616535954258e-01
-6.051133201867206601e+00
2.752545434192678719e+00
-1.010992657362192348e+00
-7.285311080256736460e+00
-6.650266064777363262e+00
-2.987559403234985034e+00
-5.206147787167367369e+00
7.054280738459770994e+00
2.012775543999270056e+00
-1.477555575608201055e+00
-7.342756296967972496e+00
6.141713034365376966e-01
-6.797510897913775274e+00
-3.512450793835079743e+00
3.521856027569136849e+00
-7.369359078544725605e+00
1.414056774112600667e+00
7.048274027165651212e+00
4.065109194462251274e+00
-7.503942447825528106e+00
-7.505636466040539467e+00
4.098834322742977321e+00
3.910638913310202192e+00
-3.956988873406054985e+00
-1.261286019002115566e+00
2.027098798424268544e+00
7.067898875066043196e-01
-7.602476353837626988e+00
-6.611317716872764372e+00
3.994724168822382016e+00
2.551880770930225140e+00
-7.482001547563871924e+00
7.169727291726331053e+00
2.881567563709146462e+00
1.282355577645936773e+00
6.852028840777180108e+00
-5.875869093419343159e+00
4.851878209507676232e+00
3.741499651867427723e+00
-5.580444827784171835e+00
7.747756752408049508e+00
-6.910867941628779043e+00
7.353888385370009217e+00
-9.073264159392273598e-01
-5.404215906693698557e+00
-4.218027610920538351e+00
-3.825618909120340749e+00
1.774452275596454243e-01
7.887347429806226273e+00
4.702746951920585339e+00
-6.317606543115850570e+00
2.725404044656920988e+00
2.415274091924368705e+00
-1.955165121604748757e+00
7.824484704461893259e+00
-4.286883306159239737e+00
2.471302262165516517e+00
-2.912480199775338896e+00
3.234204467040159514e+00
6.558541557711564884e+00
-6.483565726347019442e+00
4.075057811780538053e+00
7.884523769444757413e+00
-3.032365320812925535e+00
4.942222209591967896e+00
-1.690174894276607942e+00
-5.410677646833230270e+00
-5.071010411022691677e+00
7.745256940430135018e+00
7.811459767522830333e+00
-8.061736287394996481e+00
5.106258818548640832e+00
-1.219056911205870453e+00
4.702149620990173418e+00
-5.536150529853233415e+00
-2.222838405247987925e+00
1.093160107554029592e+00
2.026234451154025784e+00
-5.238341471431073870e-02
6.270792829086782483e+00
7.449779313153608307e+00
3.850838762923447955e+00
-6.496538739253852057e+00
-2.383676123650360967e+00
-5.011901360803857841e+00
-5.648602350580000930e+00
1.330713583327485905e+00
-8.111415857856744793e+00
-6.899097134505912443e+00
-7.193183755150103664e+00
-8.398288231047772001e+00
-5.467525308351052438e+00
-8.131803903844021519e+00
-7.695672129786114368e+00
6.537668848366593011e+00
-8.042773102329475066e+00
4.733357028770788233e+00
-8.297265032114284011e+00
-7.355518405846703800e+00
7.763393851202881280e+00
-8.550210410497523839e+00
8.142041787013503118e-01
2.122305774135621714e+00
-8.268461155471323210e+00
2.402038523334111275e+00
-6.334004037262779718e+00
-8.650642199155981871e+00
-4.218438785254030599e+00
7.577468569353359662e+00
1.792662765159901639e+00
-2.474802677998200195e-01
-8.037470718721932528e+00
1.902501399193322396e+00
-8.457614334642602927e+00
-4.991908106659490585e+00
8.617751294093148218e+00
-5.405082349909747563e+00
1.800884847132331767e+00
8.065326580353106678e+00
-8.803692260008061155e+00
8.828655053585309886e+00
8.454681466670242784e+00
7.627183452881247661e+00
-6.094927731033243035e+00
6.391393331909240416e+00
-7.598414122207652888e+00
1.170135760985065332e+00
-7.645841464880442473e+00
-7.332930972447344153e+00
7.317003866673743140e+00
8.593222502057217937e+00
-8.694098218846981752e+00
-7.860320807114034025e+00
-4.538715566358131781e+00
-7.300233658049994467e+00
-2.888053403468378022e-01
6.064923068143068363e+00
-3.472049622369530741e+00
5.771758277971331452e+00
-9.079326378327106539e+00
6.025841757097802009e+00
2.624707255374497450e+00
5.905542011457024287e+00
-7.044281432874387683e+00
1.891592568124997431e+00
-2.072299905847456714e+00
-4.530275369597670299e+00
5.082182278548996734e-02
8.898350819207893281e+00
6.400512434236389936e+00
-1.706672923476337811e+00
-7.640933881132706773e+00
-7.092199628049774773e+00
-1.591315719181600308e+00
-8.602990330171332189e+00
-1.990824324243225529e+00
8.975468948177290684e+00
-6.494015704850738757e+00
-6.157929314297561518e+00
-6.804845335018780972e+00
9.352012083628135741e+00
8.790074675124477821e+00
-6.866007565092456133e+00
4.377913978549672791e+00
-7.370982798101613831e+00
-8.723072564597838863e+00
-9.394443100168828664e+00
-6.948591964183528980e+00
9.459535963350498733e+00
9.456916261601017837e+00
3.030045465795114801e+00
9.454092644091922182e+00
-8.174659848091392789e+00
8.607817517300688337e+00
-7.893685845629030418e-01
1.902297726633305874e+00
-9.569072234328951154e+00
9.553332205374598374e+00
-8.648300668896697019e+00
6.877122051635169875e+00
8.170773680353782709e+00
4.310614574586450587e+00
-3.348472783960231514e+00
-7.048554257054671091e-01
9.665875229177704142e+00
-9.084842677443061731e+00
6.100781547431658680e+00
7.474487165850347559e-01
4.639394276027921649e-01
-8.889199575693380595e+00
-2.550571288599034592e+00
9.670038017733595836e+00
-2.652410759182398881e+00
9.679789306043462105e+00
1.368127797478537744e+00
-8.534191573836405809e+00
-9.692430017485660798e+00
-4.059645617667301032e+00
6.617041669647367286e+00
5.572647662279751835e+00
-6.030970910010482910e+00
-7.197347473374565041e+00
-4.372474856641386687e+00
8.712697410741281345e+00
1.874222692256848788e+00
2.633106640071841476e+00
5.451339537850195427e+00
2.519356883113041512e+00
3.079996134350968529e+00
5.196430645176745244e+00
-6.868351665021723562e+00
8.358294095587707417e+00
9.096366581893624570e+00
-7.143063962058247007e+00
9.349770752681216379e+00
-9.754611725457547067e+00
-9.363058243999033081e+00
-3.024046219255413614e+00
-8.699134143925732587e+00
-8.716517806315879469e+00
-7.372702689743866777e+00
-7.773594367308440667e+00
-4.481910298920062097e+00
9.694086063021133626e+00
-1.118654741140474584e-01
-9.623455613266045816e+00
1.018810221211539613e+01
-7.737080205951290424e+00
1.018267211575245668e+01
1.482820153330999258e+00
-9.906215044282474125e+00
-9.820957356076720046e+00
1.000475417036202153e+01
-6.688847115458981918e+00
3.291671204930864292e+00
-6.561281634076873814e+00
-1.008839305579998680e+01
2.419774039141934008e+00
9.945997926714069237e+00
-1.033971287548711082e+01
1.099753333683595180e+00
2.757115621078952916e+00
-7.811667234806933813e+00
6.653467108168995559e+00
-8.711093362623783420e+00
7.517202754907360784e+00
-7.579486646032542296e+00
1.020398880600375335e+01
-7.603351326208469985e+00
-8.629940852470063817e+00
-9.080279587238816674e+00
9.427487835531477955e+00
-8.471598319615328165e+00
8.973399227228398445e+00
-9.496043144029048477e+00
2.108427532003722682e-01
-1.007639899088201041e+01
3.177648171707812441e+00
-1.048616332137631524e+01
2.488745168624817428e+00
-1.061497633418120756e+01
-7.991190378421889839e+00
3.021091233835056400e+00
-2.743632958436816427e+00
8.855351338274529027e+00
-1.670039355366963907e+00
2.033099887145348728e+00
7.938410627154397048e+00
7.828514513820991283e+00
3.128604982264113765e-01
8.494711076372052361e+00
1.014697833621046286e+01
-6.106514762670704144e+00
8.550555228500625660e+00
-7.092625313654804309e+00
9.088089131241002150e+00
4.986323541888877386e-01
-7.700208956104045654e+00
-1.073956611971969899e+01
9.952117878317597643e+00
-8.478872069456381055e+00
1.036471722891893243e+01
4.982705226812654153e+00
-5.843933288335152909e+00
-4.245994338443167315e+00
9.982183985083068478e+00
2.790751072702134739e+00
-1.051737889404875936e+01
-6.583067875704159633e+00
1.032505183760941314e+01
9.098034428646656124e+00
4.743116939212853822e+00
1.789743656376686420e+00
1.011054156918994629e+01
1.775178689595275250e+00
-1.046108016813649577e+01
6.144611421251182648e+00
-8.489443109782584429e+00
1.344699537381197185e+00
6.958133707920993061e+00
9.078219996570675576e-01
-6.452826104693851761e+00
-1.103052518062289877e+01
6.234014767127927570e+00
5.547233342455299976e+00
-6.314671921632058371e+00
-1.097124014155713034e+01
2.421803070374870082e+00
-5.525178697208684042e+00
7.640245305049536029e+00
-1.133115851734361534e+01
1.065278238351063855e+01
-8.189030492811975037e-01
-4.490847255560314721e+00
-3.456791264190170132e+00
9.292600201427708484e+00
-1.105623109991173436e+01
1.054054089105837022e+01
-5.336950255770457119e+00
6.080714512591578469e+00
-5.702070867681351629e+00
-1.067978914148743286e+01
-1.081507627389218129e+00
-1.046919463993283017e+01
-5.592196385281366311e+00
-1.077054769040593385e+01
-4.777381374185660334e+00
9.371072196670658272e+00
-8.996872484928815084e+00
1.113607853681172521e+01
-3.340637718327723160e+00
-1.147058329994302639e+01
-1.008733746244812934e+01
1.845967267692647518e-01
-4.343484718711851045e+00
5.887773212046328197e+00
-1.016174560958381079e+01
-8.725101106368853721e+00
-8.963372835385595039e+00
1.801123533049175940e-01
-1.147857639353094683e+01
-3.376456146238910438e+00
3.825475119437005134e-01
-8.221603375703281813e+00
-1.172387710669672423e+01
1.129410438417339790e+01
-6.905460850604905332e+00
-7.353483275516317974e+00
3.520314803061191711e+00
-1.157306394372734104e+01
-2.361490007549923220e+00
9.786713163077612521e+00
-1.833818717528379771e+00
-1.182095513343815796e+01
-4.824046958373697791e+00
-8.528014722948386250e+00
6.813810238881229608e+00
-5.589607898900441185e+00
-8.390808350729287213e+00
-7.229211305624085426e+00
1.046085851725888638e+00
-5.689041353859177086e+00
-1.200717126196814988e+01
-1.198413140948347611e+01
7.534817881094358683e+00
-1.001438375896887578e+01
-1.076876777161759513e+01
9.152758279410312170e+00
-3.562149799210107659e+00
3.035391465179840598e+00
-7.465747095523997956e+00
-2.006758321624407149e+00
3.903887209674420156e+00
-6.091783340411728531e+00
-1.215699158376958877e+01
1.107140846605435236e+01
-1.115608594699150302e+01
1.059357981155548423e+01
9.223964706055227225e+00
-5.702784580267266534e+00
5.894913062208374299e+00
3.652225358946612488e+00
1.184272551951815444e+01
-3.529257452538832052e+00
1.152730731115955543e+01
-6.845974117240347212e+00
1.195846871476567763e+01
-1.013365318421159778e+01
-2.807361327693836284e+00
5.923616587574514369e+00
1.215751134422465718e+01
-1.082592720477117432e+01
-1.204059664695237153e+01
-9.810724159838443370e+00
1.021065045499802082e+01
1.229482081595466525e+01
-8.378187426605128607e+00
7.131824452480099552e+00
1.202858553247786588e+01
7.775890234492095487e+00
-3.837982501914511513e+00
8.037170932396492162e+00
-1.188449124654073685e+01
-4.439116335220449905e+00
5.793852637099403680e+00
-1.187867926672434393e+01
-5.618650822435683700e+00
1.773741925698822053e+00
-3.178660480858102488e+00
-1.140688928901611732e+01
8.514240581647305461e+00
7.804148933431563684e+00
7.458027877002683326e+00
3.009524418043626248e+00
-5.962941243181630213e+00
4.382850275774242021e+00
1.222023411283604588e+01
6.440798752105992619e+00
3.647457492772085086e+00
3.679729148217071977e+00
1.271680368892187118e+01
-1.261466485891907041e+01
-1.056116483656106020e+01
1.785081730225935193e+00
-1.278157770892333467e+01
-1.150736239671806516e+01
-1.274639691717615264e+01
1.023076061339494203e+01
-8.468091211649742434e+00
1.177707773476672415e+01
-7.133704930937112110e+00
7.953938756652931374e+00
1.282730267076160047e+01
6.585080201153393986e+00
9.850637162090006171e+00
-9.673077296048711027e-01
-1.121608020225639635e+01
-9.929034802021595496e+00
1.019991259185295362e+01
-1.143206021269138972e+01
-1.297647226568193979e+01
-1.039101659879677797e+01
-9.981386409905917745e+00
-9.527241760263086334e+00
-1.187589126828402186e+01
-8.468698726401189703e+00
-9.625207263650398914e+00
1.496729742142341557e+00
6.362669271656233860e+00
-1.595730108575668105e-01
3.349111533883022851e+00
-1.014311768677352710e+01
8.764830082308179726e+00
-1.268108743530290816e+01
-9.563301275418568892e+00
-4.574459386015220730e+00
-1.274114261153815875e+01
-1.100239785985295882e+01
-1.318224314353650861e+01
9.882465730667714610e+00
1.253852484970786563e+01
1.240489280443774334e+01
1.264171757389210704e+01
-1.159539301468453409e+01
-3.827749020452797968e+00
-3.945004106971648827e+00
6.660271634368429616e+00
1.337275710684094676e+01
1.055611597661845380e+01
-5.473803370698620441e+00
-2.358490424767597293e+00
9.528588886067163699e+00
-6.543247294847636120e+00
8.405956882941016950e-01
1.272641420135364143e+01
-8.025667387325919222e+00
-7.954988674400787829e+00
1.335078032387990810e+01
-1.309258796779751854e+01
-1.162136698106026600e+01
-1.293203930237843835e+01
5.638435967433056639e+00
-1.431487105696005457e-02
-1.044732574213180953e+01
-1.274158020534663649e+01
1.300749698061373305e+00
-6.748680543473197346e+00
1.281980342733447742e+01
1.327453487921260766e+01
-1.364597971735582327e+01
-9.900649221147503454e+00
-8.598620806761477553e+00
1.201689170246682536e+01
1.270710506227996195e+00
-1.076569679216753705e+01
1.279460512683933793e+01
6.117119916357007803e+00
-3.001506217846908520e+00
5.392415758546416527e+00
3.426858460316433153e-01
1.198341925291617649e+01
-3.301530276872529868e+00
1.268118879708104352e+01
8.556208887710012867e-01
6.942399427283895363e+00
-1.284105807668565724e+01
7.808158731419926113e+00
-5.212810937073459883e+00
-1.230694124451234295e+01
1.376561121295497259e+01
-1.391891624778103420e+01
-1.331441154648246261e+01
-2.384816265465647511e+00
-1.029084218258278405e+01
1.385451202859414899e+01
9.784721129413139096e+00
1.347479665934055504e+01
1.297868233484330069e+01
-8.617717016397207885e+00
7.441869635301854302e+00
-1.128283238703004621e+01
-1.000879132065787402e+01
1.256833171549597949e+01
-1.329517035837106498e+01
-1.412260416458055268e+01
-9.647855278976667392e+00
1.415733203120523065e+01
-1.390368066449080864e+01
-8.010747062476770708e-01
-1.385489162550564934e+01
1.413011392347785389e+01
1.407668298446184885e+01
-5.198396793151637496e+00
6.384445397740128314e+00
9.961032781137880932e+00
-4.260237853539448949e+00
-1.338635012103178923e+01
1.340387638788346969e+01
-3.405961107401202614e+00
-3.092472916182495979e+00
-3.684138996103246022e+00
7.268238620500055980e-01
-1.401379179748046511e+01
1.326226602178420322e+01
-1.346106413819823544e+01
1.299993624682766225e+01
-7.420003913496449499e+00
1.319300883353072962e+01
1.435365808237883378e+01
1.094013621769978784e+01
-1.443541310983777137e+01
1.004621900771061860e+01
6.288355436285893774e+00
-8.144092348008726390e+00
8.340366615384674276e+00
-1.444666913573118805e+01
1.334733805960674324e+01
5.124754826638263872e+00
-1.095262444416894532e+01
1.383840814932464802e+01
4.546354088424579665e+00
5.279113901657687791e+00
-6.307700101881129839e+00
-5.186928726654530308e+00
-1.440901628099590859e+01
-2.210634883756671609e+00
-8.298973322010315457e+00
-1.263669837791478834e+01
-2.049737740679803633e+00
-1.441036137368699599e+01
5.375374546214006344e+00
-1.445890836331734342e+01
1.256017897902620462e+01
1.477446327119652558e+01
-1.466800185247313593e+01
-7.189814516134117817e+00
-1.145995717628539090e+01
-1.351219893160102892e+01
1.319498481407623913e+01
-4.430077774937610791e+00
7.180128716560165714e+00
1.446984937347686184e+01
7.385637549625428733e+00
-5.570067154509160012e+00
1.461757802371265669e+01
1.452578777095596152e+01
-9.365050542798140754e+00
-4.985552028997661367e+00
-5.328650715694857709e+00
-1.283148232951813839e+01
-7.971761642323949459e+00
-4.988547831205830008e+00
8.788090484517123713e+00
-9.561965006190099814e+00
-4.804704915771758067e+00
7.612191672191398695e+00
-4.297129404078090076e+00
1.359622959589602509e+01
-6.508756206254253662e+00
-1.027965325076485215e+01
-1.458923759450948943e+01
1.512554775305880383e+01
6.549918729162317987e+00
1.385713739622638663e+01
-3.446222782062688950e+00
-1.052580363562120525e+01
1.027517447692407160e+01
1.134622154276903316e+01
1.321034712397517197e+01
1.518335675161495679e+01
-5.792816241834938040e+00
1.232781359274053834e+01
-6.296751918825594707e+00
-1.266662251643407178e+00
-4.272771534448940756e+00
1.108036349342271443e+01
4.601248227524374457e+00
1.479324513087257031e+01
-1.521384569464462366e+01
5.303295027822398922e+00
-1.333809023387705395e+01
-1.381861272902753512e-01
1.212778572240227248e+01
1.542310557469072663e+01
9.580401847807934246e+00
1.479130659565736217e+01
-1.364751548239126144e+01
6.585098771296664211e+00
-1.395846104678251187e+01
1.552201078460452166e+01
1.489135617638204678e+01
-4.184976647540867845e+00
-6.416160834167789595e+00
1.471097113210682394e+01
-3.612352072078404586e+00
1.503219136920430365e+01
-1.180661414919045349e+01
6.922849588001827925e+00
8.120770236251654950e+00
8.024325023817821645e+00
3.659559106175291454e+00
1.531211114435638265e+01
1.227674333147080254e+01
-1.209916292617014122e+01
-1.531346453026328014e+01
1.527546613800945430e+01
1.322295795560291509e+01
-1.131707812552915371e+01
8.783957677983178058e+00
1.573224039246736261e+00
1.237776168238863228e+01
3.184165861238696493e+00
-3.484676921176779185e+00
1.471952781023705548e+01
1.011068731179162583e+01
-3.345271381511844666e+00
1.237671529299543494e+01
-1.783470026258733299e+00
-3.472066219834003320e+00
1.580297537586992007e+01
5.542494368538203098e+00
1.095114928244992569e+01
1.495508343110597238e+01
1.596524713749555069e+01
-1.349732552350220161e+01
1.574147253604806274e+01
6.840798375748228466e+00
-1.038795918452271039e+01
-9.568526534733400979e+00
-1.307449312541172581e+01
-5.851541281684804474e+00
1.198078742534538854e+01
2.066640663687155488e+00
-9.513446298813178714e+00
1.773094325606560773e+00
1.245793913784545381e+01
-7.421058495279915235e-01
-4.695542381575868340e+00
-5.072471310547688184e+00
-8.634728585676930024e+00
1.518346843306920047e+00
1.595606827063489241e+01
7.244158897402184216e-01
1.310731857416975288e+01
-1.491666481514486797e+01
-1.307809301700673110e+01
-5.042731672744502625e+00
1.360878987734505863e+01
-1.006006403832410356e+00
-3.999042980214163379e+00
-1.497807502775310695e+01
-9.986708367929882257e+00
-1.227640611460410902e+01
-1.372313997471359137e+01
-1.268808754405267436e+01
-7.228727858987599397e+00
-1.157418184694702568e+01
1.251572981632623716e+01
1.628659827891951650e+01
1.076156717593177170e+01
1.160532470633978441e+01
-1.640114047165160116e+01
-9.570819491827608161e+00
-8.079028978534303462e+00
7.920249054488381901e-01
-6.370994234380026100e+00
1.277840867504540512e+01
-8.882506204421609652e+00
-1.175386781576228756e+01
-5.396158790189307553e+00
-1.512967310616346417e+01
1.214072720570066366e+01
1.565054099400800780e+01
5.983379976525617039e+00
1.350436134469633132e+01
-1.664193475792983890e+01
1.516316200687067806e+01
-1.740732517404611546e+00
9.450103958431427031e+00
2.324472124299417075e-01
5.319633145994618673e+00
-1.539975894950616286e+01
-2.977597731016042637e+00
1.618428744973937228e+01
-1.519522821325515061e+01
-1.448979716310483923e+01
1.572867706845045177e+01
-1.243557849806826354e+01
-7.791108015049646340e+00
-1.242388586753346402e+01
-1.471762131191956158e+01
-1.510016573216151770e+01
-7.447649058094354402e+00
-8.663309731576710249e+00
1.614706856366916199e+01
1.636089829020604824e+01
1.590684352818038683e+01
1.493577723505824295e+01
6.838008938799948311e+00
1.596900095077020865e+01
-1.674764970674672426e+01
-1.509036079968333510e+01
1.446371338546145857e+01
-7.657325479089944764e-01
1.401734893867816467e-01
1.617018832730879652e+01
-2.488093335854848043e+00
-9.151999320700198837e+00
-1.502286108647431995e+01
-2.940635906261094945e+00
-1.251030034142599234e+01
7.281833627579885615e-01
4.672182795017427281e+00
1.678859421158473708e+01
9.557929353341446443e+00
1.431630417669681776e+01
-3.520342666964921374e+00
5.476947637573108985e+00
1.504191504907045918e+01
-1.291480175706751865e+01
1.235137803928640032e+00
1.389029250646182412e+01
-1.581834895855388545e+01
-1.041618509902555800e+01
-5.308536174765091431e+00
-1.722184637408874508e+01
-1.322080354846581685e+01
1.603423665088696026e+01
6.546649071633643402e-01
1.728541187857037897e+01
-3.827273459001110822e+00
-1.622878980990577702e+01
-5.026225810503500924e+00
-1.657770028490325842e+01
1.070825585102256738e+01
-3.305753197243112673e+00
1.202684887223815480e+01
1.161134529904882839e+01
-4.780016616371165483e+00
-9.433493285463214306e+00
-6.683044807176488966e+00
-1.479229913523587214e+01
-5.247457336486727186e+00
8.217332664747344140e+00
-4.242135439150747089e-01
-1.538085676601361840e+01
3.162349184017898551e-02
1.370204675451203258e+01
-1.753131036487654626e+01
9.806190612175379684e+00
5.950697510456048001e+00
-7.280528391963860813e+00
-9.955598266040546207e+00
1.548140092549384228e+00
1.187878187640230010e+01
-1.445460102475245279e+01
-1.139645452625434530e+01
-1.682816482191907426e+01
5.317568694010589070e+00
-8.601605108645308917e+00
-1.669069165650732955e+01
8.877724461797534161e+00
-2.873117146279595246e+00
1.738144871483655152e+01
-3.357991387268342010e-01
-1.598814716993595120e+01
-1.774311188411857998e+01
2.327274175511124810e-01
-6.021605109853166660e+00
2.435715537809304720e+00
1.471522150475840007e+01
-1.555868489488195117e+01
8.143379240537818475e+00
9.563598327459498449e+00
1.586704624910622030e+01
-1.726890877579699790e+01
-1.378922136660674269e+01
-1.577629162419336950e+01
1.589345729273669683e+01
-1.093439828110615153e+01
1.051935208616647799e+01
7.049490854772965776e+00
-1.805561180415537592e+01
-1.597346023859311615e+01
-1.701357098648148636e+01
-1.730260564174163562e+01
6.854799924845663028e+00
-1.636648852256498188e+01
1.200728385174898527e+01
-1.368958660723063581e+01
1.716582198860134056e+01
-1.678132124845084050e+01
-1.629684288345964305e+01
-1.455279940032250785e+01
4.499934703667502589e+00
1.809641929167787566e+01
1.627025870261673290e+01
3.712092004424042635e+00
1.759175054474664890e+01
-1.123308055030992847e+01
-1.537883925731536117e+01
-1.731015945616034557e+01
1.734008970146754081e+01
-1.420975213242329893e+01
1.613194229963010429e+01
1.727384166936509402e+01
1.225331794138226016e+01
1.247251119458512925e+01
-1.272476686674411717e+00
-1.650510054751446631e+01
1.094283155916129679e+01
1.638398444892334282e+01
1.568020283537564286e+00
-8.848480356272130365e-01
1.302901768244578307e+01
-1.754860069247155963e+01
-1.577548401056293592e+01
-7.480664457299007530e+00
-1.681817736000810015e+01
1.589886245590945713e+01
1.424086952679695095e+01
-1.370374029099955138e+01
9.733504492702255817e+00
-1.494835495997555341e+01
-7.430103895854754725e+00
6.630216080040550963e+00
-6.051684847722706095e+00
-1.775834442142108216e+01
-5.006472888247005315e+00
-6.996984037092961017e+00
7.143198822036214146e+00
-1.476661088589660764e+01
-1.634035259104902238e+01
-1.039725694615156470e+01
1.839830686888479150e+01
1.874405843021353846e+01
1.296970980591450839e+01
6.545509887248709191e+00
-1.822629803137456150e+01
-1.717944401966799362e+01
-3.820923367030052198e+00
-1.086374120369479179e+01
-3.433836845717710418e-01
1.207597844315661817e+01
-1.525744800373159649e+01
1.717736386215575450e+00
3.459649718126827089e+00
3.611622533232346832e+00
5.223558739308132637e+00
-1.756336851428921619e+01
-1.408792560264551241e+01
1.887365173109069261e+01
1.618323562201620902e+01
-1.888031986423870379e+01
4.833724019889609202e+00
-6.159100312860799065e-01
-3.527509396429007182e-01
-1.763049621217202301e+01
1.480700745129633944e+01
1.755250188420814794e+01
2.549699756346934798e+00
1.348859572622877145e+01
1.872241118117246117e+01
-5.007462491675032545e+00
-1.624692199644275803e+01
1.415033011824619535e+01
-6.822338808314561298e+00
1.021128920594393108e+01
-1.654289624524626134e+01
1.309552408427352432e-01
-1.565707306076742000e+01
-3.399768288369475755e-02
-1.738492706653365261e+01
-1.925169623970278110e+01
-1.854132000123636814e+01
1.176126394119894947e+01
-1.836020996379960124e+01
-1.897330109474481219e+01
1.385793763390308442e+01
7.317366844586148389e+00
-6.165194299851145310e+00
4.959364909783765540e-01
-1.638450199310943844e+01
1.679466170751478415e+01
1.330907453195002788e+01
-1.044745577492842159e+01
1.820967080954500972e+01
9.781395105767508369e+00
-1.226597217001855356e+01
-1.849651773109204100e+01
-3.317994398913514775e+00
1.512608549858320117e+01
-1.925916135242154681e+01
-1.908270276803042975e+01
-6.380573070713883688e+00
1.704064794019553730e+01
-9.315840651259403415e+00
-1.108030898645386131e+01
-4.022968412071114663e+00
1.380278847508740192e+01
-2.138361812535976458e+00
3.269584482780964585e+00
1.703831369473755686e+01
1.398812222371817349e+00
-8.037235341615582840e+00
9.814177122944819587e+00
1.956214973073037200e+01
1.915923199349977679e+01
1.166044948229027156e+01
-4.804146805627600436e+00
9.550874542776677245e+00
1.379396560752191192e+01
1.759168643672686372e+01
-6.439375653059665972e+00
-1.744500181269553352e+01
3.074202796632275803e+00
1.216447699008038974e+01
3.674890396472089371e+00
-5.780271387764058133e+00
5.697715520027680114e+00
-1.889090511308180709e+01
-1.531380260574343133e+01
1.736805395771421789e+00
-1.794994388274001551e+01
-1.376814965909331789e+01
1.324361129858882080e+01
-1.991235246092185918e+01
-1.994751533678956790e+01
9.331331647672433505e+00
1.691309171268613198e+01
-1.694818277799415540e+01
-1.988810358919797494e+01
-8.946508810803985412e+00
1.338826362892243438e+01
4.904015347565977123e+00
-1.628563325724058686e+01
-1.146006672340857513e+01
3.454422001902500483e+00
-2.910427116605888820e+00
-1.685118343775519989e+01
-1.607933738878233498e+01
1.005514629472286714e+01
-1.537254516278706795e+01
-4.213334040588678775e-01
-1.274401217347594084e+01
-1.205962157274515967e+01
2.012198138655882929e+01
1.058451832185297192e+01
-1.175751713129201548e+01
1.003160930307709364e+01
1.319561667253011272e+01
1.635397829847405404e+01
1.949491466550054497e+01
-1.909244449647835395e+01
-2.000820278657208462e+01
-1.886052856042619652e+01
-1.937691344473687849e+01
-1.823692551100268489e+01
-1.687690266804672845e+01
-1.586858154292290379e+01
-5.918424735307270979e+00
9.246014283225246544e+00
-7.627415619073869557e+00
-1.126966710968861562e+01
-1.515911681016047297e+01
-8.636976200954602945e+00
1.383657146202682497e+01
9.217777009972099478e+00
-1.670555719374567261e+01
-3.443605162439009604e+00
-7.788955206504247997e+00
-1.199718218454760610e+01
-2.009443944536395676e+01
7.331682736924864052e+00
-2.055157796820747862e+01
2.049696088478212630e+01
3.534521806963129009e+00
-1.896848902635406731e+01
3.184945346080054307e+00
-2.064533999165553624e+01
-2.059557463634455132e+01
-1.751798216828715837e+01
-3.827771090236243623e+00
1.121376556378749889e+01
1.844536200461716646e+01
9.424386494343472975e+00
2.026467422820219255e+01
1.076449846803569699e+01
-1.466583852728898663e+01
1.333124651837722041e+01
1.745057436926868988e+00
1.694081091110233217e+01
-1.310597910927211807e+01
-1.877501438350689611e+01
3.509385093057804550e+00
1.203443817915070468e+01
-1.538215594499173378e+01
-6.813439060329400832e+00
-6.841711761020338400e+00
-2.055385369745691548e+01
2.030476874928266540e+01
4.414878428135310173e+00
-9.526305337012619390e+00
1.954471057458091110e+01
1.462407664134032714e+01
-1.835762544963112219e+01
-2.099084507563602031e+01
-7.777215082328903684e+00
6.764068938593182700e+00
-2.794812653121221402e-01
-1.482774563806682622e+01
1.194311339513128090e+01
-1.939384227135020211e+01
1.746197151675547232e+01
1.689704678555428075e+01
1.162020306806546799e+01
9.385107709600013948e+00
-1.824343738011665295e+01
-1.227151969686786437e+01
1.511837325440527913e+01
1.988667223234734394e+01
1.308745185324463733e+01
7.609130532983103379e+00
-2.370110323151323417e+00
-1.036592274973065742e+01
-1.820300721954198764e+01
-2.090429075322365549e+01
-1.249683328490150203e+01
1.451029249407299027e+01
4.577702498629859562e+00
1.979429141413393012e+01
1.365683563239313436e+01
-6.276928099463102484e+00
-1.624906954992622587e+01
-2.038215506104047492e+01
-1.482619370859236341e+01
-1.017094817979301524e+01
-9.262572055533789595e+00
2.674007161831823520e+00
-2.068988811639468040e+01
-2.141365729228672876e+01
-7.354529142668438269e+00
-4.343163800276565567e+00
1.724440288078517725e+01
1.498344163205129931e+01
2.122977423282481979e+01
-2.096184139016782666e+01
-1.977351715373210084e+01
-8.242884033224617824e+00
-1.921841080079233066e+01
-2.157354872657842293e+01
-5.902551058069967382e+00
-1.589497854679607869e+01
-1.199273555636062483e+01
2.162647082204398785e+01
-2.891230723305293182e+00
-2.165586993157804585e+01
1.458678704204223209e+01
-2.139036207149211677e+01
3.703805499481964247e+00
-2.075554844641066410e+01
-1.130147710133595851e+01
1.934875392185231391e+01
2.034010887739231777e+01
-7.034565129851788612e-02
-2.460077466900592036e+00
6.093730756422797157e-01
-2.153831339847592830e+01
-1.740729502698920328e+01
-1.865895267592445705e+01
1.320588000037813714e+01
-2.033821252601551421e+01
-5.654762333177720812e+00
2.029490671353803322e+01
2.096176907695179636e+01
-1.613410107194712850e+01
1.026442950569357748e+01
-7.288876264813768380e+00
2.040179916452684239e+01
-1.806047989151858246e+01
-1.967079507433159691e+01
1.978720375164176914e+01
-1.524288858942129288e+00
1.955013667462971583e+01
2.152959875199183415e+01
9.032012887272198753e+00
1.100175954489005647e+01
-1.789419422368955637e+01
-2.201209760191348508e+01
-1.498426952375935883e+01
1.107936358603530280e+01
-9.730863658247558945e+00
2.105095373708819295e+01
-1.346032717429048731e-01
-1.610288241509488572e+01
-1.013989954828744544e+01
-2.593964349001866676e+00
-2.216487214563487740e+01
1.692611494409393558e+01
5.152828524437465418e+00
-2.210525820138050435e+01
2.153637334314906582e+01
1.507438980506444182e+01
7.979728410339056666e+00
-1.677698641126412582e+01
-7.222940150822579675e+00
1.481535484934547853e+01
-1.088977645635392655e+01
2.201909941085148148e+01
-1.978448533299593848e+01
-1.953086876431381569e+01
-1.713087381543488519e+01
-2.089819690044305034e+01
2.234409765309171547e+01
1.255207191616983309e+01
1.658488244429247871e+01
-1.846347904769762494e+01
1.262826768130734223e+01
-1.496722484297582056e+01
-9.325483345133136481e+00
1.274181769019977395e+01
-2.119990201193184731e+01
1.583275160384870617e+01
5.827315030904207660e+00
-2.223647195220285511e+01
-2.074443221043492969e+01
-2.503370602671005418e+00
-1.924335652240838357e-01
3.149856874021109476e+00
6.800646938641708772e+00
1.969022194388506364e+01
-1.799807123006150889e+01
-2.143777679669609881e+01
6.628421555033895629e+00
1.705849000472202093e+01
-1.684132900353391449e+01
1.915913044525638043e+01
3.875835074224027288e+00
-2.245552066423032755e+01
1.468190996122148029e+01
-3.518468323627161443e+00
-1.497554924281697630e+01
-4.841141294441429821e+00
1.947021284700352695e+01
-8.295181929390819775e+00
9.009772445109852868e+00
2.456456307794559812e+00
-1.446640532839139404e+01
2.286246660054431956e+01
-2.148400906458172344e+01
1.993341227556576456e+01
3.946216291617591576e+00
1.087244370930519821e+01
4.002450368368664968e+00
2.294142160075244874e+01
2.226311741321017834e+01
1.343568809474550463e+01
9.156858799618309064e+00
-1.941561432683329969e+01
2.175353191165772415e+01
4.972092877085016127e+00
1.970552597732792321e+01
-1.429095613358183137e+01
2.068868115928888329e+01
2.295810510702540341e+01
2.280473988747290548e+01
-2.161673667715557201e+01
-2.273510075452390211e+01
1.480700524470679902e+00
-1.254301445772854606e+01
1.967239146771748537e+01
5.484088457611610679e+00
-4.752809697609199802e+00
-1.052349140881433520e+01
2.273744970084779737e+01
-2.220006912649601460e+01
-1.370832426318073516e+01
-9.418843947419393459e+00
2.266293908187406103e+01
-2.109694079379451992e+01
-2.289570419704608284e+01
-1.017189977169616100e+01
4.102545441807080806e+00
-1.444339021590801408e+00
2.014942822571434533e+01
3.770396842025005579e+00
-4.113915337506382386e+00
9.377254926384015477e+00
2.297425554696198446e+01
1.192592743710650183e+01
-1.939758618853401018e+01
2.334456612732280689e+01
3.039240616714667720e+00
-7.041733066507533501e+00
2.262407199548043124e+01
2.232266291531155744e+01
1.902561663879373199e+01
-2.347416229750173144e+01
-5.444044579680983986e+00
1.820603155492022296e+01
2.084688358579456136e+01
-1.719357942454571386e+01
1.380119209823914872e+01
1.870879919637369326e+01
2.254245119185160817e+01
-2.165299665729301637e+01
-2.572521558169666989e+00
1.106991526828911532e+01
2.078941224525184239e+01
-2.271212104416411748e+01
-1.982202792078196296e+01
2.731860874145559226e+00
-2.346169022741746701e+01
2.371933770907386574e+01
2.779872582568243544e-01
9.400766214208916338e+00
-1.189302620163979540e+01
-5.035542993812359924e+00
-4.934793654307636501e-01
6.333007443270698644e+00
1.827401789485476513e+01
-2.120871664295462011e+01
8.323900845645979985e+00
-1.515996022994455927e+01
1.647708140809603350e+01
1.028179209457883658e+01
-1.411689521049875751e+01
2.173026672678591353e+01
8.334190527667907133e+00
2.390152311148462161e+01
-1.549263494985753731e+01
2.073354474612428433e+01
-6.765946539295148554e+00
2.383218083148838318e+01
-1.124207583561962309e+01
2.367961926644546011e+01
-2.319727014965988587e+01
-2.400136157582675622e+01
-8.871509118500709334e+00
2.339186895404447952e+01
2.028560378567662070e+01
-2.356109693705221275e+01
-1.482113242392965446e+01
-6.240950172061182855e+00
-1.904047606986968333e+01
-5.814841653857199866e+00
-2.414700765750200517e+01
-2.379456995521356788e+01
-1.956660957530268519e+01
2.121655674970897110e+01
-2.317720562069400358e+01
2.029190545250858335e+01
3.272615237194902882e+00
1.420012429745104043e+01
2.425673204306160713e+01
-2.397947147602351592e+01
-7.950322039615405068e+00
2.419380935198048377e+01
-9.298893018999311977e+00
-1.738212021782326033e+01
-8.915448439098632605e+00
-2.795951913867956051e+00
-7.249923287522243243e+00
-2.103737399840727917e+01
-1.024471095797026443e+01
-1.553105394802337003e+01
2.098340737763150798e+01
-2.246970075120518473e+01
1.701077351746142341e+01
-1.207401027952382044e+01
1.628546034638561579e+01
2.376944229422613120e+01
5.609885068063936053e+00
1.680292625620619873e+01
1.539818836553924974e+01
-1.757939803906275600e+01
2.359058507814796357e+01
-1.036508304120659929e+01
-1.989708037609745261e+01
-1.765763621128129657e+01
2.408295554860551135e+01
2.425889830087374222e+01
2.454480603311499465e+01
1.870287893932635015e+01
-1.089999654898899450e+01
2.410523426098136923e+01
1.462045810203415996e+01
-1.202002121110449373e+01
-1.179806972287647682e+01
-1.912316802921389680e+01
-1.701673356125432690e+01
-1.555599904357262275e+01
-2.419613121776271214e+01
2.409548700292311452e+01
-8.544364832612108884e+00
