-3.016355090967749675e+02
6.059262553430924569e+00
4.866321720412486940e+01
-3.399457635079695592e+02
9.936483571537598891e+01
-3.461570441944231789e+02
-3.217515810522850757e+02
-3.248545798659532693e+02
-3.544111279912928580e+02
3.485869794646768582e+02
2.458576657228776412e+02
-1.090899132543139132e+02
1.008787446163731545e+02
-3.483246606794583613e+02
-2.400075245847219207e+02
1.221923917639777102e+02
-3.531573908148990881e+02
6.724195730857960029e+01
2.565288004750160553e+02
-3.185426233344755360e+02
-3.471665826142530022e+02
-3.117286598945247533e+02
-1.650206910392265911e+02
3.862230721309367709e+01
-2.690215973525714048e+02
1.356121056041937720e+02
-2.078761429804942225e+02
-2.241935731818592501e+02
2.641318232505200285e+02
-2.575649386751010184e+01
-3.457910687317458382e+02
-3.312271274277501902e+02
-1.393877531616683996e+02
-3.376016111966284825e+02
-2.217618859978067576e+02
3.292671563931470473e+02
2.513912693296403518e+02
3.421627605303914379e+02
-5.936444861927999028e+00
-9.899577696758674961e+01
-3.473432004290574469e+02
2.255926028563454508e+02
-3.015841957177618156e+02
3.030104481261874412e+02
2.774138920573280984e+02
-1.689478809876577969e+01
2.816594105157055878e+02
-3.312524315148044138e+02
-1.139974934193347309e+02
2.980367496601915036e+02
-2.531298372940781292e+02
9.002143765346160009e+00
-3.162946118360958394e+02
-7.186122799445195142e+01
-3.228419154077978988e+02
-3.022508221940758517e+02
2.021635056354730011e+02
-2.457136359403452843e+02
-3.328428194555099822e+02
1.772816854297461830e+01
1.121547464634567177e+02
1.123317477564091149e+02
2.783620299107588494e+02
6.432251906172045608e+01
-3.441679133933810704e+02
-1.235739748794746617e+02
5.412027163530656537e+01
-3.168152640793607588e+02
2.492547579490586429e+02
3.172860772538799097e+02
-3.428767502595666201e+02
-1.146214744678911757e+02
-3.297578664072487413e+02
-1.770346673114930240e+02
-2.537234688507060980e+02
-6.251339366087905347e+01
-3.418977323092752840e+02
3.246069832304978036e+02
-2.855240962773411866e+02
5.186311935074962065e+01
-3.194996394602686109e+02
-3.062996850372234690e+02
3.060920100060546929e+02
5.033708069948144015e+01
-3.387558552674392445e+02
-2.894772304817764734e+02
2.450685392103756044e+02
2.063608329870277203e+02
-2.226228841600066630e+02
1.944036964913514396e+02
-2.886132349834787192e+02
3.360338257667707467e+02
-5.074373322863081626e+01
2.508686636680466790e+02
1.532867599600301389e+02
1.255169128231353142e+02
3.107551731027743926e+02
2.986306514420483040e+02
6.452007660605812589e+01
3.455139572894248445e+00
1.312216488478606209e+02
-3.364261212435018820e+02
2.878574232981096088e+02
3.240731276232442610e+02
-1.562249964509052447e+01
-3.244019219393126718e+02
3.357422665177460317e+02
-2.003732622197290993e+02
2.817688673014273490e+02
2.208517076338499123e+02
3.053858211585314280e+02
-3.087404644743324411e+02
-2.051151640488925807e+02
-1.511066291727593978e+02
1.499055223539184283e+02
3.286323914702741718e+02
-3.297205599880477962e+02
2.961197652429221421e+02
1.434665527201489965e+02
-8.133308306094295403e+01
-1.758619086229933259e+01
-3.254062774393595987e+02
-3.282857391471733308e+02
-1.993068332458611147e+00
-3.082101506992960935e+02
-2.622996197259271298e+02
2.005427957542645743e+02
-1.423425547932785378e+02
-3.269430807528066225e+02
-2.901857481499623646e+02
-2.722605035439326002e+02
1.998498562113841501e+02
-1.648878868642725024e+02
3.286225774299585396e+02
-2.086120121225070818e+02
-1.457724185947635362e+02
-1.350825355075554626e+02
3.160625634289538652e+02
2.835413924755328594e+02
9.217052957325952889e+01
-4.447891227100750200e+01
-3.205147967192746137e+02
3.223355993578562675e+02
3.132660448047703312e+02
-3.227538172851872105e+02
2.734796773476302860e+02
-3.266226504696688835e+02
-2.643640636492509088e+02
-2.950429645947421591e+02
2.670489994628179033e+02
-3.183390063154594145e+02
6.951423104266351061e+01
-1.235130737610733718e+02
-3.272247353879478169e+02
1.768862903385739003e+02
2.300194122801203775e+02
3.186790321362326495e+02
-1.673926268127774222e+02
1.312830175559912789e+02
-2.351711712367141729e+02
2.803931861247592678e+02
3.188267077401588949e+02
-2.791128651709317410e+02
3.209783355876398332e+02
-2.539472635934778282e+02
-1.855105824864493798e+02
3.248247175739954855e+02
1.398297802605487448e+02
-2.820864341838350811e+02
1.209145413147020349e+02
2.840648639261376616e+02
3.238330802012060872e+02
-3.090218716166788226e+02
-1.294211896461293918e+02
-3.056598553744120181e+02
1.069348873279192418e+02
-3.043328689098896689e+02
-3.216454668435829376e+02
-3.143127671880948810e+02
-3.082344426218470517e+02
2.107126395231547633e+01
-1.838457317665007906e+02
1.318346151314572126e+02
2.913270383017419363e+02
-1.118113441927018847e+01
-3.211053433464408045e+02
1.200570197333328792e+02
1.352355339493591373e+02
2.289372503786773905e+01
-3.176649953940831779e+02
-1.480552248695630908e+02
3.201943740967905683e+02
2.581458962993645514e+02
4.549178967302288434e+00
-1.360093022973850054e+02
-3.073234004914041861e+02
-2.523709764949266088e+01
1.637256082519475910e+02
3.027593322775608726e+02
1.026125386486114621e+02
2.883428303375944211e+02
-1.024763287092380750e+02
-2.529518197391063268e+02
-1.740143709881037353e+02
1.335685626376845221e+02
2.424655885275144840e+02
-2.984354130105122067e+02
-2.596574935373183166e+02
-3.169894340778081414e+02
-3.020968423391437909e+02
5.367300095143112060e+01
-3.094163953034691872e+02
-3.160838387502686260e+02
-2.092817102373334706e+02
-2.363293324689788051e+02
-3.024414585276498997e+02
1.198200863942783911e+02
-3.152136857819502325e+02
-9.440208316674699063e+01
2.956011758854947402e+02
2.074611715989074980e+02
7.416081240101357253e+01
-3.023993709577374602e+02
-3.059959699527031489e+02
1.227490127880956123e+02
-3.133596028630464616e+02
-2.973631154241459740e+02
-3.109568913389837235e+02
-2.614745837673020787e+02
-3.126517489160839887e+02
-3.124612489529831691e+02
-3.119484216432073254e+02
-3.122742952003450796e+02
-5.262317913092938682e+01
-2.566870633101044632e+02
2.677295517517975441e+02
2.101995497242939734e+02
-2.551270396489972541e+02
-3.005922907032245917e+02
3.111316482288072507e+02
-1.571956452296886937e+02
1.281704303226318586e+02
-1.310175415541956454e+02
-3.041453470938533883e+02
9.195584252513471313e+01
-2.592826919527640257e+02
-2.490635833491379856e+02
-9.396533736564677497e+01
-2.908391096745575624e+02
2.305432716138560920e+02
-2.556833947260742548e+02
-2.987317814947584793e+02
-7.497211971179270051e+01
-3.073246564679398602e+02
-2.627226628621878035e+02
3.377681601149506463e+01
-1.665858303607700464e+02
2.473357813267270728e+02
-2.173714154849722888e+02
-2.983403799732249126e+02
-3.071750682612075138e+02
-3.069371597341810798e+02
-1.327447105305676018e+02
-2.099300300651241287e+02
-8.518876656881934650e+01
-3.047900984898469687e+02
2.597806724949243176e+02
3.504372837959011378e+01
-7.121791245548148197e+01
2.488879657674672501e+02
3.051807925324166035e+02
1.283778006262940323e+02
-2.041054967092812262e+02
-8.276237434993770137e+01
-3.004581885820122125e+02
8.802279032705477846e+00
3.004393244287165317e+02
-2.220247552524748755e+02
3.019110211751537349e+02
-2.586517332438734798e+02
8.885488543309135423e+01
-9.845162166264479708e+00
-7.317089507005870530e+01
6.231937445587479374e+01
2.677568145465918974e+02
-1.711745318659456530e+02
-2.327585573893452988e+02
-1.975402734925243351e+02
-7.601882539015538498e+01
2.754992851191671548e+02
-2.979173187710599677e+02
-3.012524549872937314e+02
2.709562034232049541e+02
2.963350009930414330e+02
-1.115324883996680256e+02
3.398685532801497544e+01
-1.335900690105132469e+02
1.494954989481374810e+02
-7.186946270184263597e+01
-2.838254212584374727e+02
-2.941877431759858723e+02
-7.259508816726473412e+01
-1.007913863767253844e+02
-2.947227598727176883e+02
2.378324126972798638e+02
-2.777539954090648280e+02
1.723885785785258662e+01
-1.306400175834785955e+02
-2.270924414517367325e+02
9.514489355373950730e+01
-2.298703242352487663e+01
-2.517099627950350680e+02
-2.837575030712326907e+02
2.759074098095071008e+02
-2.732056203002861139e+02
-2.456250802407742242e+02
1.840795955218507913e+02
-1.899341212211965910e+02
-2.444324442139019595e+02
3.344094068037933454e+01
4.487896385201469229e+01
1.140786926145074460e+02
1.305015026804457818e+02
-1.116411773287601932e+02
-1.566957197470159429e+02
-2.926683925597965867e+02
-2.356240143461928369e+02
-1.275314934488376508e+02
-2.917574206629162745e+02
2.941524561909384374e+02
5.352452013193499170e+01
-2.915361089694005727e+02
3.056918662684929799e+01
-2.328996455985515865e+02
1.634432196944912050e+02
1.697848936605434460e+02
-2.894878707460746341e+02
1.060661214168696063e+02
-7.187902715820727906e+01
3.948692443646720562e+01
2.755186126935577136e+02
1.478258835858095779e+02
-3.937761611064066614e+01
1.776222648538764588e+02
1.845238264709858242e+02
-2.035499122337513711e+02
2.909349953149502426e+02
-2.878490143983617600e+02
-2.884677217031183432e+02
-2.868651224385046135e+02
1.963955184590417389e+02
1.959199327094105740e+02
2.087175385313762206e+02
-1.415190959653199059e+02
2.344119480109421829e+02
-2.476854364442989436e+02
-2.779826185232947182e+02
2.868088077969068905e+01
2.875966219451667598e+02
-2.262495505015164099e+02
-2.755807242648834858e+02
-7.350355087674935817e+01
-2.878706300761897978e+02
-2.696746137789929207e+02
-2.844346702391754320e+02
-2.529543443274577612e+02
2.482164616821762877e+02
-2.869717714029522426e+02
-6.316416061774086188e+01
-2.536048813327727771e+02
2.636672132886030795e+02
-1.828537629584202477e+02
7.893213083454287471e+01
-2.653052995324391645e+02
-2.107764504138438895e+02
2.289369013605389398e+02
-2.836806681487103106e+02
1.637528405264892797e+02
1.969269450177543845e+01
1.347425064008822346e+02
-2.468128284841143341e+02
2.531570737227565928e+02
-1.190395398437866277e+02
2.641511919132240109e+02
-2.147995084631002953e+02
2.096502409249358152e+02
-2.732131617287017775e+02
-1.606203479365238138e+02
-1.709818733489794056e+02
-1.898748916217532496e+02
-8.432898046700154282e+01
-2.689568395486780901e+02
-2.090215486639214362e+02
-1.197493043019776167e+02
-2.648344684514113396e+02
-2.804583792051942055e+02
-2.529585022660424727e+02
2.778944362009453926e+02
-1.954746644086992831e+02
-3.166929555850415667e+01
-2.005871961783097106e+02
-2.473508270708290695e+02
-1.932335207521842335e+02
-1.746618539555559551e+02
2.449050253835488604e+02
-2.672732926548201249e+02
7.330401046894066575e+00
1.346700132978567410e+02
-2.399631979805687934e+02
-2.167027533650288831e+02
1.421228888938840385e+01
1.678564907357835523e+02
-2.770229642634615175e+02
2.515810320796773283e+02
-2.558919566138832806e+02
-2.743291551092285658e+02
-2.616054333599566917e+02
-2.389889926285719923e+02
2.691152528858048640e+02
-2.554067354410708219e+02
-2.759674381993304451e+02
2.475066882780240718e+01
2.428217595853577393e+01
-7.779316334015929613e+01
-1.805672961573136490e+02
-2.308350880451048397e+02
2.446176439216572760e+02
-2.082549645495395225e+02
6.012336641013735772e+00
2.146608952440040525e+02
-1.520793307352970487e+02
5.840821619808573217e+01
-1.701359649032401364e+02
-1.444963075321123540e+02
1.367761985676708036e+02
1.097100495654101593e+02
-1.898039086556885593e+02
-7.249367945823070158e+01
-2.735504384822374391e+02
-4.413273406734558080e+01
1.604578305644617160e+02
2.054452979327971320e+02
1.882287335053023867e+02
1.403383377019085856e+02
2.686932379218839060e+02
2.225861595687377701e+02
2.642459053552975092e+02
9.671736164406685532e+01
2.467525741327252149e+02
-1.238047388001189546e+02
8.475250901126545955e+01
-2.679042011674085302e+02
2.590345369390346946e+02
2.684061065009908020e+02
-1.017114272041862932e+02
-2.674419014146822633e+02
2.310386465096601114e+02
-2.007272662055034971e+02
-1.146822811884650548e+02
-1.737408587143702619e+02
-9.159133391325016760e+01
-1.255543307829000421e-01
-2.584755961106648670e+02
-3.635594347983229113e+01
1.634936404451150054e+02
-8.600110032248365144e+01
-1.186285914903168361e+02
1.063762764302019121e+02
9.150488211904823288e+01
-1.912590601044584275e+02
-2.631200582757525694e+02
2.484974917563667418e+02
7.397952327279128326e+01
7.691459922048757392e+00
-4.234762948115018588e+01
-1.738250446798094231e+02
-2.570777097269177034e+02
2.423645120369649817e+02
-2.623334847920293669e+02
2.481936562671932052e+02
2.649853519427562105e+02
2.028291816605113809e+02
9.746839270787098997e+00
-1.519116693497041979e+02
-2.306869245057220041e+02
-2.502620975720118963e+02
-2.516568707496194008e+02
2.362104997743523143e+02
-2.188987869601295984e+02
-1.204333212923139200e+02
2.017478099759148620e+02
4.911107968978626559e+01
-2.632842554487360758e+02
5.925622138177136833e+01
-1.388732196458983594e+02
-2.603183527430711024e+02
-2.271129862100274295e+02
-2.195884183394719003e+02
1.293352905856742439e+02
-1.956716620223683094e+02
1.277500564908369256e+02
-2.612739612581757456e+02
1.865245526412439858e+02
2.307147214976980933e+02
5.307185136430140204e+01
2.267384625668241540e+02
-8.302094818554017763e+00
2.158008537839026530e+02
-2.341315624993780489e+02
2.189252967840257895e+02
-2.505615550334381680e+02
-1.804176789536618912e+02
-7.416344579305290097e+01
-2.589087613056586861e+02
2.142075917115965353e+02
-2.575620068000004039e+02
-1.151367643235406888e+02
-1.852212547544761776e+02
1.241141347984885499e+02
-6.205951888150901929e+00
-8.363732100064879660e+01
-2.734941271344151303e+01
-2.299440705123508337e+02
-2.467846038297870734e+02
-2.427546460386741956e+02
-2.542047518387287823e+02
-1.591015125320917605e+02
-2.442442760124053791e+01
1.117593206821410234e+02
7.432826404967734391e+01
-2.039751527295439075e+02
-6.938292684319563364e+00
1.206853256643777144e+02
1.527492018097816242e+02
1.619024560815868199e+02
-2.552058012823101478e+02
-1.586476530042429545e+02
-2.541500987314385327e+02
1.209136447933610157e+02
-2.469477417139677868e+02
-2.063986331865820318e+02
-1.663550153853190352e+02
1.456688403648837209e+02
1.611853884719623977e+02
1.842361399977855001e+02
1.268420937997711491e+02
7.879830780792474343e+01
3.590547015832076738e+01
8.969407635305212523e+01
2.227948253523467201e+02
-1.200633093565834457e+02
-2.522509634628297022e+02
-1.314177335034350733e+02
2.403064823999026203e+02
-2.506424738634000846e+02
-2.457914742764222922e+02
-1.962401610616854555e+02
1.440555017224184553e+02
-2.473189841461976073e+02
-1.685926847567932896e+01
-3.365772177861866510e+01
-2.192650782061218706e+02
-1.468883803768834753e+02
1.668943986864464648e+02
-7.990867433483693105e+01
1.280107104522579391e+02
-7.921904914405233455e+01
7.319376018595374944e+01
-2.314879992304351788e+02
1.995220265658106200e+02
8.899434249953542064e+01
-1.755348681328696614e+02
-1.311621769443167409e+02
-2.480750892825018639e+02
-1.472158963664039391e+02
-1.849156803326106058e+02
-2.474640581127845280e+02
-1.182254927595316474e+02
5.464746324428023172e+01
-2.283274238606699953e+02
-2.248773269223057412e+02
2.456427825101683311e+02
-2.310447940940870524e+02
-1.467992811348501618e+02
1.735138245552709009e+02
2.411630570818358024e+02
-9.898631670042206565e+01
1.941601932370418240e+02
-7.704018922357306565e+01
-1.908434597033124192e+02
-2.332249033896165145e+02
-1.814542785919693699e+02
-1.493314926218366452e+02
4.460484252638305236e+01
2.434732591615411650e+02
-5.497952952130118476e+00
2.303798107681236900e+02
1.919187759727589082e+02
-1.505531450226555421e+02
-1.673826856689958902e+02
8.591207154110983879e+01
-2.406308119954519498e+02
-2.426117974612540991e+02
-2.162672964139020735e+02
-1.370306076028975326e+02
-1.916507165169795428e+02
2.411362355140831255e+02
-2.077078119692283167e+02
-2.034899662250382448e+02
-7.751921002755139511e+01
1.809161322706655710e+02
-2.089815682337431610e+02
-2.264288999246513754e+02
-2.391237736293489320e+02
1.753462410382309429e+02
3.773893434435888850e+01
1.033769550605902197e+02
-2.397935815280235374e+02
-1.226556762440430788e+02
-8.048714048859467596e+01
-1.606338271491375451e+02
-2.327484511958534483e+02
2.098580576309340415e+02
-1.500381536920523331e+02
1.466388925083662116e+02
1.945902717688028076e+02
-2.335535646611160132e+02
-1.487236089788606535e+02
5.320371002716801456e+01
2.209568429065422492e+02
2.185379180624351818e+02
-2.095539148202244633e+02
1.800238942824915256e+01
2.339920336743851976e+02
-2.181561536319006791e+02
-3.758853552712268709e+01
-2.344835943685344262e+02
2.046329770358958910e+02
-6.871101381696153965e+01
-1.172960207791366294e+01
-5.982613193022505982e+01
-1.362839413504141532e+02
-2.210317244452880203e+01
1.233819257791771946e+02
2.113805742978280477e+02
-2.210544563105923430e+02
-2.263021410330473202e+02
-2.987053287128905410e+01
-1.038985802347422265e+02
2.622649256577411769e+00
-2.327506138220308003e+02
2.331956339160983660e+01
6.513416989018369918e+01
-1.215698866025985012e+02
-1.258721470257387125e+02
9.457026727739528837e+01
7.193499514960640795e+01
-4.568046906587239775e+00
-2.168604888371430377e+02
-3.774644402693796508e+01
-2.278998223752022341e+02
-1.844656653087446898e+02
1.472545515700934402e+02
-2.064686607062614314e+02
-2.295938796173366825e+02
-1.270345800971544605e+02
-2.986457150110063807e+01
-2.286106772980454593e+02
8.391068893676245466e+01
5.105448005768447928e+01
1.248759774387507235e+02
-1.039855428656580330e+02
1.986088573558839130e+02
2.223152337661715592e+02
1.656917509100085226e+02
-2.250691107074552519e+02
-2.284564905977154865e+02
-7.379670650391415165e+01
-2.108439587392902581e+02
1.107929534235916549e+02
1.947648833097594263e+02
-1.392266553893534251e+02
-2.268976190724908406e+02
-7.382318655415973296e+01
-2.260787881726980402e+02
-2.235002284194557092e+02
-2.249703386547272714e+02
2.113263257537597894e+02
7.991752635404212413e+01
-1.476643952168846567e+02
2.246218575873887175e+02
-2.233153744301747565e+02
1.641884890670726236e+02
1.074136897317263646e+02
-1.758564496920298552e+02
-1.856972299564742457e+02
-5.815207741254222640e+01
-1.977584889361667990e+02
-2.097139073166922856e+02
-1.866730452042546062e+02
-6.004067084932979270e+01
-1.901868116572841245e+02
-6.158888809163029521e+01
-3.723951021293469665e+01
-1.553284930288206169e+02
-1.872142845585693465e+02
9.613640390223832810e+01
-8.882245571977111354e+01
-2.225880478889022811e+02
4.440384291653484894e+01
-1.970579882910608944e+02
2.087546100992004767e+02
-7.623513496406643242e+01
-7.000632942277583481e+01
-2.214072763722455477e+02
1.117071320464180246e+02
-1.308814339476235205e+02
-8.421946535292728697e+01
-2.199107914707819305e+02
1.985975769076100903e+02
-7.119716706238315851e+01
2.200491259768843406e+02
-2.135030462699874931e+02
-2.178511685619559159e+02
-1.906079998888555167e+02
-2.193225363348233543e+02
-1.572792569567959617e+02
-1.256271914733287929e+02
-1.609442048325159931e+02
-1.907935542426172333e+02
1.003914211749346492e+02
-2.167978164055235197e+02
-2.110007407898154383e+02
2.135577004990515206e+02
-2.144258177905956018e+02
-1.567638310579824008e+02
2.155460375807275284e+02
-1.981001683237447253e+02
-2.447768682596655410e+01
1.820305715197017093e+02
-9.469764655010826004e+01
-2.018975527438926463e+02
1.909329480669709369e+02
-2.087926019205078489e+02
-6.936140587113492018e+01
-1.824380572969384389e+02
-2.138076917111195314e+02
1.900138853208178205e+02
4.710964643819969666e+01
1.922364203840793664e+02
-2.146873603939718578e+02
-2.117856398699582883e+02
2.133213306921917365e+02
1.891532133719773299e+02
-4.415494607790909498e+01
2.106885996145966544e+02
1.804508980053806511e+02
1.270763209070405111e+02
-4.174827748468938182e+01
-1.597167640478473061e+02
-2.125344631337676162e+02
-2.094490654426333549e+02
1.979658196205774630e+02
2.105132713013074124e+02
3.584266456968080661e+01
-3.586383292239403175e+01
-2.064307782178102286e+02
1.989955052509995426e+02
-1.690625307957384393e+02
1.190493220453529091e+02
-6.514007658483657792e+01
-5.411225833692905240e+01
-2.051805021727653866e+02
1.057739815317899144e+02
9.556496573068928058e+01
-1.880309201469740685e+02
2.031676922709792450e+02
-3.602395598489894013e+01
-1.982331919734585313e+02
-1.940054627442382298e+02
-1.539238247094195629e+02
1.300350304207265992e+02
-1.994582555845874481e+02
-3.475473100685945127e+01
-1.804751571824671146e+02
2.062220498489236320e+02
1.968146955444098900e+00
-1.646743570999849453e+02
1.967883970535862090e+02
9.842893897257594915e+01
-1.875498707397250087e+02
-2.043413722907389456e+02
-1.043173883578899961e+02
3.042798475286111071e+01
7.655365746236282121e+01
2.050757737311677431e+02
-7.644002425708809767e+01
-1.879419436731189705e+02
-2.048749252311787643e+02
7.540885506505851765e+01
-5.708849027009107147e+01
-1.879338671744249893e+02
-1.986283732593318518e+02
-1.883177648939885671e+02
-7.859756462369816177e+01
-2.042566919546958388e+02
-2.009755673104491223e+02
-2.908516525063077651e+01
-1.989502055074168254e+02
-2.025999672431924523e+02
1.671660416998880549e+01
-1.304588472941856310e+02
-1.986933984722781474e+02
1.995762464455980592e+02
-1.965484897529941577e+02
-8.849890275405259388e+01
-1.138293580208072484e+02
9.095552686850135160e+01
-3.123968468646804197e+01
-5.125380882280865080e+01
1.411811379460006606e+02
-1.898043285405005633e+02
-1.544200010282562516e+02
-2.007414009229850080e+02
-1.995500070560883614e+02
9.033937526589241429e+00
-1.681713255232035635e+02
-8.664534234461713424e+01
-1.357220398244826924e+02
3.187017821462351463e+00
4.769666957075807545e+01
-1.894920623399254964e+02
-1.794652749364007036e+02
-1.952525986013416173e+02
1.239269783806442149e+02
1.358433620489391558e+02
-1.938366324273225416e+02
1.666826423916769784e+02
1.924643416099684430e+02
3.785308749955408558e+01
1.908044328915439962e+02
1.439203091357394726e+02
-1.322032258629909620e+02
1.307104151171448159e+01
5.600225380884059945e+01
-1.679527207175491696e+02
1.220588444687128771e+02
-6.731411578206815705e+01
-1.230638981555407270e+02
8.143256464199698996e+01
-1.379842721569471564e+02
-1.127160358864667842e+02
-1.784945447811512622e+02
-1.168188486570159483e+02
-1.950518136564784015e+02
-1.817463429745847634e+02
-1.927700173496818081e+02
-1.246499689983722590e+02
-1.829380751596559946e+02
1.801593159560511879e+02
-1.109744194079249979e+02
-1.671442829250525222e+02
-1.521249851942674525e+02
-5.699209623823692539e+01
-1.067408212304856221e+02
-1.407908586747138884e+02
-1.919453328521289848e+02
-1.815129328941292215e+02
1.039413108285437488e+02
3.323655462560443397e+01
-1.878185056470145184e+02
1.902802890971178726e+02
-1.843170740978400488e+02
-1.911922326311011773e+02
-9.074354600254223158e+01
-1.045717551310515177e+02
-1.771820913968257116e+02
-8.955938615122504132e+01
-1.905298443865583522e+02
-1.876838316397809479e+02
-1.480468398485815555e+02
-1.862147437153663247e+02
-6.773836943520856835e+01
1.424043407046258949e+02
-2.083108435032665628e-01
-9.502636786723753914e+01
1.889619079565232767e+02
-1.109525000572871960e+02
-1.886415909704787452e+02
-1.882625997424150626e+02
3.993825909697232390e+01
-1.590958861881770758e+02
-5.768027752069576763e+01
-1.355610571872560968e+02
-3.265089985565303010e+01
-1.787386405607659015e+02
-1.858681065291875427e+02
-1.869086439133963324e+02
-1.667244271168337946e+02
-5.650087655909336348e+01
-1.820252075423551332e+02
-1.850907615756892426e+02
1.658281843068718047e+02
-1.853414898190911231e+02
-1.775301811499163307e+02
1.792857808994249353e+02
-1.852088898833478368e+02
1.593084556483346432e+02
1.806246888754346855e+02
-1.835965678083384205e+02
-7.873300244883103005e+01
1.500238060200811958e+02
-1.104630774989491755e+02
-1.151362507414953456e+02
1.836904508355579537e+02
-1.295676488448293924e+02
1.640610975704512384e+02
1.423267269570792450e+02
-1.630862961065208765e+02
-1.512035746582919558e+02
1.177702295638166063e+01
1.115417690285132579e+02
1.778646076065220996e+02
-1.804537619127198695e+02
-1.437025675948175092e+02
8.383092278560509669e+01
-9.601038161686703987e+00
-6.447949386490908985e+00
-1.783252362241369724e+02
8.510720631434664085e+01
1.639824861213653548e+02
-1.630998514377720028e+02
1.624162876680319414e+02
1.599754071951971639e+02
3.662364560095537769e+01
8.147068772821644700e+01
-1.020102918953130882e+02
-9.668715269505457854e+01
-3.536706210570573461e+01
1.499464577334289004e+02
-1.553153210093133794e+02
-2.495543961296677793e+01
-1.738174798540300401e+02
-1.657532418719509906e+02
-1.359227029854801287e+02
1.619102465712280150e+02
1.488550358286602204e+02
-1.473589040405024093e+02
-1.389400748558583132e+02
1.589693406610379043e+02
-1.064767107193272722e+02
-9.180389193914622581e+01
-1.145359529348300924e+02
1.544796716650767792e+02
-1.203165910087242452e+02
1.710551303797212768e+02
3.842805037780187405e+01
3.176909390404938094e+01
-9.005350418553934588e+00
1.288625555965266472e+02
-1.292935315143251103e+02
1.123575396911456465e+02
1.331273631826587689e+02
1.050863884211623542e+02
-1.574393132704148570e+02
7.165664949675682749e+01
1.429118590050592843e+02
-2.956151970556039288e+01
-1.399200231553123501e+02
5.529880370465919270e+01
6.570955589682162667e+01
-1.638316328410644473e+02
1.238253599960289080e+02
-1.654331277553495170e+02
-1.229444402471735600e+02
-9.838303223461126734e+00
-3.730318041518757610e+01
-1.688307599836790587e+02
1.426729492467250893e+01
-5.109599702906150043e+01
1.708938027081094617e+02
1.710879599560204554e+02
3.681390167097955413e+01
1.137302073374598734e+02
-1.562078348235405940e+02
1.686177640031862097e+02
-1.039999967308631881e+02
-1.213535104334287524e+02
-1.673097981843333741e+02
-7.543792303907856933e+00
8.663279941721896193e+01
-1.413391148817445924e+02
-7.562578613541464279e+01
-1.676306346892311296e+02
-1.683677215411836698e+02
8.605354299714656463e+01
-1.620072026196117179e+02
1.621052826767322586e+02
2.669538127072301137e+01
1.567140780729378378e+02
1.653450602455890532e+02
1.536895203844325124e+02
1.666519082805299377e+02
-1.173104668373400017e+02
1.085325724922017940e+02
-9.257144617515582752e+01
1.662778354818534865e+02
-1.469665665561159926e+02
-1.021407105506397386e+02
-1.301509405153061039e+02
3.642435866989823268e+01
1.311507575760340103e+02
1.560913424614757332e+02
-1.492637494208600231e+02
-3.600688642723797273e+01
1.348239434797455871e+01
-1.372939762984810841e+02
1.601111343552631183e+02
8.733754329867617017e+00
-1.559750985731656385e+02
-1.506579259007436633e+02
1.361106981746343649e+02
-1.627436880287483802e+02
4.591584400870137017e+01
-1.529399313380899059e+02
-6.376143035088153255e+01
-9.505504453796768871e+01
1.475925147316591506e+02
1.024899995048355947e+02
3.134634449402108558e+01
1.452710541756118801e+02
6.080012515790419059e+01
2.439674173125202472e+01
-8.167494173588099926e+00
-1.261786282728819799e+02
1.511103445027930832e+02
-1.510528371689095479e+02
1.337888804963796758e+02
-5.353292362751524536e+01
-3.903701831994190741e+01
-1.474248196786004996e+02
2.738627747519544187e+01
5.928660400363076732e+00
-1.569235166206631220e+02
8.250953657576103240e+01
7.258393487276481437e+01
-5.058477139872324102e+01
-1.503814064702705195e+02
-1.414754978931017035e+02
-1.582534628141827397e+02
-1.242968387065393472e+02
3.760857480080846216e+01
1.509151581620347429e+02
3.694383529483608442e+01
1.558152035067247709e+02
-1.497072671399869250e+02
-1.535680681936249528e+02
-1.205191504117761809e+02
-1.017283821416658895e+02
-1.544848623690183445e+02
-1.561695291555508902e+02
1.349226649466616550e+02
-2.456488234978677454e+01
4.834125322817625658e+01
-5.901886340605913972e+01
-4.775075475958949767e+01
1.487471793371569504e+02
-1.751158407903190195e+01
-1.516366197221199741e+02
9.804519603063633326e+01
1.265874243418513032e+02
-1.020027818327948523e+02
-1.147986879044718336e+02
-1.447901451653280276e+02
-1.410660775322251084e+02
1.837467423511755982e+01
-1.384269274355803248e+02
6.519386615088509984e+01
-1.518375750619044595e+02
-1.442809923863328549e+02
-4.201328822003562635e+01
1.453113422544106186e+02
-7.380432233922462615e+01
5.669052043455249645e+01
1.506117248925418721e+02
-1.195857623738108941e+02
1.368922905908327436e+02
1.358837535918920310e+02
-1.458985920045735440e+02
4.800356173859047715e+01
-4.692622923935901014e+01
5.505646676280284879e+01
1.145206582776678488e+02
-1.492938831159765414e+02
8.258445555779034919e+01
5.382058296479863202e+01
-1.399926408128445701e+02
-2.809845195197457812e+01
-1.467865339934404290e+02
-1.353543296655272741e+02
1.472504717386227355e+02
1.177351248647755888e+01
-1.290554742955119707e+02
1.183118841119536171e+02
-1.212334751260255246e+02
1.455220571890934309e+02
7.282677387042093642e+01
8.365646531718086010e+01
1.461756016350640834e+02
-1.351129548877591446e+02
1.161263343123562777e+02
-1.465240441350184994e+02
1.333970487911176974e+02
4.399979823096938958e+01
6.134118613697405209e+01
-1.444493049844956261e+02
1.431504994827016048e+02
1.277621306176031624e+01
-1.451623137146073645e+02
-8.773557927984438720e+01
1.377697189619580058e+02
-6.888941909812717768e+01
-1.444609282676379109e+02
1.220542999444568721e+02
-1.434527741300104253e+02
-8.902843184248506958e+00
-1.076523118566567945e+02
-1.275169872133660505e+02
6.283830818663503948e+01
1.393857990722359261e+02
1.252510898717296044e+02
-1.245908768354534288e+02
-1.262398556724043885e+02
-1.423539063063311119e+02
-1.307198724657564526e+02
1.318132955522482632e+02
-2.035676608101432805e+01
-4.574844357299561182e+01
6.459530451708515386e+01
-1.364064713154781430e+02
-9.715422565126164756e+00
-2.481133944302630923e+01
-9.884263505398230620e+01
9.645059928183674458e+01
7.949074913384312424e+01
7.987890990937498259e+01
-1.356867676370227969e+02
-1.306419795837049946e+02
9.345574281966014496e+01
-5.017548817065864597e+01
-1.370444796844327584e+02
-3.045538828534606335e+00
1.013425266328973322e+02
-1.354428358047053678e+02
-9.357519888479241388e+01
-1.092550004229889140e+02
-1.299083577848048208e+02
-1.371790872966738561e+02
-9.489692088077316612e+01
-1.336350341796142800e+02
-1.372641915167857292e+02
-1.296322451317336970e+02
-7.346498354449943236e+01
1.201809232246479695e+02
-3.304084695499157931e+01
-1.251152439328045176e+02
8.972665435294803160e+01
-2.905071707283141791e+01
-1.062455663213618351e+01
4.797848474464859692e+01
1.354172782922150020e+02
-1.619548189601408694e+01
1.333095952356306100e+02
-5.640617801458832758e+01
-1.303085876297087680e+02
1.341763564466048422e+02
-1.038958673152097845e+02
-1.098096973717464095e+02
1.030255660242606268e+02
-9.855606004707104262e+01
-1.309655329928455387e+02
1.120739912984855664e+02
-9.448737073304261003e+01
6.280501973211920497e-01
7.411357242261459533e+01
-1.325855034621003483e+02
-1.257292156543948494e+02
-2.346594976284693956e+01
1.186337688516382087e+02
-9.494072680321835378e+00
-1.164114922048281926e+02
5.679671904863025311e+00
1.074310651572431112e+02
-1.094726775917491324e+02
-1.066296795449177068e+02
-1.297056681071317144e+02
-8.549764166793094944e+01
-4.206798653081474271e+01
1.177779029898462113e+02
1.284335575196726893e+02
-1.274935972481417537e+02
1.606485222862473705e+01
-2.245964545038190607e+01
-8.703494327189525848e+01
-3.961230265500498149e+01
1.095074532632604019e+02
-1.285881068619545999e+02
3.249864021448633622e+00
-1.260101776993222273e+02
5.637762799461722807e+01
1.197126907892285317e+02
5.099986179876486148e+01
-7.908635491246181459e+01
1.206854244696166916e+02
-1.271067437419726645e+02
5.525846048614010897e+01
-2.759966520009744073e+01
4.560504523122744125e+00
2.735456388180343623e+01
1.166075198970278137e+02
-5.721806207003251643e+01
-1.172574178792919355e+02
-1.143862149905336025e+02
-5.088063738057454088e+01
-7.380875702537787220e+01
1.107106761540735818e+01
-4.879413027365511368e+01
-1.093138348160055386e+02
9.221691572103767953e+01
1.236812133203176955e+02
-3.470283134212254339e+01
-6.172412731755738236e+01
-6.438451835610497653e+01
-1.232134773246360595e+02
9.784817819447768272e+01
1.205766653294678861e+02
-1.181834304762997476e+02
-2.362794287060292930e+01
-5.305964702688527268e+01
-1.208069943900639345e+02
-1.218669469118170099e+02
-6.994005380525017301e+01
6.322271178780297873e+01
-9.785688148694234201e+01
-9.130219659530331455e+01
4.561528292369769844e+01
-1.107007927921524697e+02
1.203095465826441313e+02
-3.872965596439970426e+01
-1.128874458086105363e+02
-1.006650508238715247e+02
-3.844883754726971858e+00
-9.851087557641582748e+01
1.190003568684523856e+02
-5.810266708405310254e+01
-8.189259644842776353e+00
1.599577311177743333e+01
3.142112401091275942e+01
4.522603886752102653e+01
1.598755786116708855e+01
-6.239654350139455374e+01
-1.158692512815522377e+02
-1.090732908134705781e+02
-9.831957648108979697e+01
-1.176239949097497828e+02
-1.169860626617404193e+02
1.172977307489812375e+02
7.221680577410054980e+01
-4.726473524344073240e+01
-1.114594267056573926e+02
4.591717965737969820e+01
-7.709672111690817076e+01
-1.100236719162988663e+02
-8.507574655458027735e+01
-6.659414422811843792e+01
-6.878906595006735358e+01
9.917328735063873069e+01
1.036052464210811195e+02
-4.020137132998286944e+01
7.391368454781041919e+01
-9.011517632827553825e+01
1.077368447850476230e+02
1.141699374106424187e+02
-2.994594023413369754e+01
1.138996373229215919e+02
-6.452765275536874867e+01
-8.450069852795229508e+01
1.133178960619285647e+02
4.797521225522969957e+01
-6.178211932862918587e+01
1.101154074624345185e+02
-8.891177801203494369e+01
-8.981961441220815345e+01
9.821849835766076353e+01
9.399834803737847722e+01
1.078132364608559044e+02
-9.893103554386063081e+01
8.734615889906586972e+01
-3.045780633065486853e+01
-3.624178799698866982e+01
1.105068097515076317e+02
-8.716534444975751228e+01
-1.818780769172596123e+01
-8.175245072074206121e+01
-1.033794356165887933e+02
-7.928278288356810322e+01
-1.097318108456179431e+02
-1.081207972506153254e+02
-9.168739816100544715e+01
-1.036743223166991328e+02
1.274527679524602997e+00
9.357293054710997637e+01
2.503115875075489782e+01
-8.819245040759155074e+01
-8.134303914436954130e+01
-7.801648528739103305e+00
-1.042566072498407266e+02
-7.981562105865083367e+01
-8.090932046832938340e+01
5.413611859981394048e+00
9.969538655653073178e+00
8.873674877556098295e+01
3.331714032839278872e+01
8.828649279062373978e+01
-4.282402635674986868e+01
9.958181110864802577e+01
1.329808276699719016e+00
-5.209185344155086028e+01
6.698942359553728920e+01
-7.175336665961107485e+01
-9.080314798220808825e+01
8.202369354944443103e+01
-7.669060929204844967e+01
9.654398382179169857e+01
-1.000863268385881355e+02
-1.039320789921582815e+02
7.273945170036851948e+01
1.035477637881954962e+02
3.560998077705428955e+01
-1.021960076391727625e+02
7.638279585002022998e+01
-1.750693762609936144e+01
7.220519674428997803e+01
7.684013608780584548e+01
-8.051086139287374976e+01
5.883351348345139087e+01
-1.007311521275917698e+02
-6.165904183848046216e+01
8.626971792167452691e+01
-7.628596426358328131e+01
-5.954925527932138607e+01
-9.299510389002132627e+01
-8.264121582674913213e+01
6.360455053807471870e+01
-6.972947806965743212e+01
-4.202715652797939327e+01
-2.231829164451673719e+01
-9.559784171435241262e+01
9.793086702017370726e+01
4.419353721187395934e+01
-9.803009345757649839e+01
-8.034774720240173451e+01
9.902447482886022101e+01
-9.896230429280605279e+01
3.034511100324164445e+01
-8.537279356962238808e+01
-9.708486655118099407e+01
-8.234711906334359810e+01
4.260630536775370558e+01
9.553967065980781115e+01
9.718108075984382310e+01
-9.647793724319585351e+01
-9.655966494236025710e+01
-9.421791129816104160e+01
-7.236815484102297091e+01
-6.002561535997460851e+01
-5.354835547325853895e+01
9.632960889743345945e+01
-5.721675137327078886e+00
9.596420137617944590e+01
-2.458194307079173768e+01
1.191984761470333432e+01
-2.489068372413018793e+01
-2.981442475665006242e+01
-7.118073821532549061e+01
-8.674428604782066543e+01
4.162024382414680446e+01
-6.379020416629755630e+01
-4.395116439407700426e+01
-5.405166644218677163e+01
8.795276224319901814e+01
-9.347232252651616591e+01
3.727773847924159867e+01
-5.362684422621320124e+01
-9.295001354799195781e+01
3.143809246841084359e+01
-7.924001748765465436e+01
-9.256771478154013266e+01
-9.078627430413857269e+01
9.211881992726026169e+01
7.564854547970173648e+00
-8.686963555419175975e+01
-8.560213799466778539e+01
-7.581510385199186430e+01
9.035050116502085871e+01
5.607904129011575378e+01
-8.932816666961802810e+01
-7.559111385289644147e+01
2.947289859930673828e+01
-8.586264325295705646e+01
-8.485952775773189671e+01
-7.765165271184564233e+01
-3.198420627386989423e+01
-4.703265614332628530e+01
6.121140722484069840e+01
6.910288608062089111e+01
-6.866262149697806905e+00
-8.879212600546858880e+01
5.544415853051877718e+01
6.977794101081555311e+01
7.189501121086027524e+01
4.984812568675285149e+01
6.984470026664199338e+01
-8.184798465303995840e+01
2.132427120551794886e+01
-8.716537742055820104e+01
-7.513356706386677786e+01
-7.093761985894313504e+00
6.441361685706847595e+01
-3.400488081309291033e+01
7.819076276998796970e+01
5.431761742465167941e+01
-1.767654733983502169e+01
-8.574537860930807653e+01
-6.092883947162189173e+01
8.484755950087652820e+01
3.103906691154153918e+01
-6.301870639639369642e+01
-8.455899342441989575e+01
7.335453952978834025e+01
1.865381399605279711e+01
-2.381212353891613454e+00
6.496442812830051317e+00
-8.354945405415192283e+01
-1.371401419810512934e+01
-8.076330813671228270e+01
2.369768328046514583e+01
-2.296371344580407836e+01
3.933126269532663599e+01
4.246336985920820695e+01
-4.402149247945789767e+00
-2.826367156702429639e+01
-7.518755830929349315e+01
-5.725297740904444765e+01
-8.164744921564950175e+01
-6.665404532511180946e+01
-5.442466664217609207e+01
-2.695801427751270740e+00
7.363539571264477956e+01
-7.781692540205527564e+01
7.047396091012852537e+01
-7.373781736437383927e+01
-5.189347660166868792e+01
-6.003609088427734974e+01
-2.916195612491903333e+01
-6.631739516535166956e+01
2.765961001380781781e+01
-2.426140581740450841e+01
-7.625023269568924889e+01
-7.622925668721258319e+01
1.544764081511925902e+01
-7.554346143077658837e+01
-7.429903728641150451e+01
-1.001871118175382591e+01
-6.579279552141268539e+01
4.322566827734369355e+01
-6.720301808815388256e+01
4.476680097609132503e+01
-7.126292552765268340e+01
5.656906223051051796e+01
7.660506014553423881e+01
-7.119989461666396835e+01
6.651765570985162412e+01
-4.296404693858337254e+01
1.383957837741039221e+01
-2.276226281430020038e+01
-6.092012817083375609e+01
-7.013762792248784406e-01
-3.470977381506041581e+01
-7.472649984410324464e+01
-3.654839385320065759e+01
-2.951149911060858244e+01
-7.414245291618756539e+01
7.288975125057378079e+01
2.841269639489128451e+01
3.446041779739562116e+01
-4.849052703763980077e+01
-1.259743858638377212e+01
6.660530648043588542e+01
-1.324017559840242342e+01
2.494281475969722095e+01
-6.852272062553795706e+01
2.538284032982958394e+01
2.400924594468360596e+01
-3.377417625997131800e+00
-7.213443675047480497e+01
-3.415244190530069091e+01
3.169141658987446064e+01
6.816975782809703333e+01
-1.790909813216180879e+01
7.015199848964137175e+01
-5.137156200140985618e+01
2.253828870906608017e+01
-6.317782732513568078e+01
-2.355318913941268377e+01
-6.427152813261653819e+01
6.103207894338103046e+01
-5.897993338883541270e+01
6.682677627045283941e+01
6.844804604696535932e+01
-5.088281718679756693e+01
-6.737797683183734421e+01
3.087266527688073836e+01
-6.301513678384628747e+01
1.629890253043774351e+01
6.741187782319313726e+01
-5.957846955794491350e+01
-5.376517052913060724e+01
-5.775552387378564134e+00
2.328853744745943644e+01
-2.681079494853033651e+00
5.617375507646449506e+01
2.038182720039453955e+01
3.401654545755535963e+01
-6.031332127886206251e+01
-3.930557044545184908e+01
-2.554718255103092162e+01
-6.142937549456382129e+01
3.777459566423060267e+01
5.498679744558231874e+01
1.699293905754099754e+01
-1.146552239427523467e+01
-4.654655457853716172e+01
6.477949429802302461e+01
-5.001910258910842799e+01
-6.461889193300733325e+01
-4.708767203565734150e+01
4.122160935276031779e+01
-6.405647105087420812e+01
6.386289313215223729e+01
3.943250162741946241e+01
-6.278403333098398065e+01
-6.329961013125327440e+01
-5.555379214094531903e+01
-6.148363124343682529e+01
6.257385482699744728e+01
-5.168356549329440242e+01
-6.215808254768711549e+01
-6.213228873519523177e+01
3.538769199882668914e+01
-5.971183907587995776e+01
4.673273438017636749e+01
-4.649849460365296494e+01
-5.069009315107186353e+01
3.712141116746050784e+01
5.468720636334685281e+01
-3.985735114167640347e+01
2.856527846244036084e+01
-5.094297187875052657e+01
-6.010721023541993446e+01
2.944311348746545676e+01
-3.233345462601410958e+01
-5.190980967397930357e+01
-5.884263222972604268e+01
2.959572118402111229e+01
1.043049093565414864e+01
-5.869934402737425927e+01
-4.985877351290273651e+01
-4.782400104295201970e+01
5.763721941066059884e+01
-3.437850775102269552e+01
3.971904607699877232e+01
2.946150056543014983e+01
5.118381375112614506e+01
-4.472929358301969671e+01
5.676399642323475092e+01
-5.430599562071483177e+01
2.300603050893394297e+01
-3.408945295703195200e+01
-2.816844547493424500e+01
-3.462118742261185389e+01
-4.671094488091029007e+01
-5.521671652618785942e+01
-3.842229738104926895e+01
-5.532557815915971133e+01
4.595353168005566147e+01
-2.324243373540728896e+01
1.458860456944803730e+01
-5.246401627704015169e+01
-4.073621759258833208e+01
-3.949089968824299746e+01
-5.406102900548783197e+01
1.272911632829953810e+01
-3.022062821371510921e+01
1.035639024855046486e+01
-5.330306877523563713e+01
2.530844343712142930e+01
-5.292263529298887192e+01
-9.348132785587276672e+00
-4.666001193705788808e+01
-3.947681540756904894e+01
-4.232436727389765707e+01
-4.568399683949063927e+01
2.018734025297341006e+01
-4.505556068463224761e+01
4.859547290981996071e+01
3.756506538848319110e+01
-5.071819401990918408e+01
-4.678742708356823243e+01
5.048866529155269944e+01
-1.712135263092598692e+01
4.780484708729927945e+01
3.003778966170173348e+01
4.863452867636964072e+01
4.268914182117882206e+01
-9.946532228639011208e+00
1.031328338700595815e+00
-4.899405065972158013e+01
-2.121854238156093331e+01
4.190343247841633456e+01
3.897321434348346259e+01
-3.964952148876822235e+01
1.237611186867559887e+01
-3.983814723018242177e+01
-4.523116331019286918e+01
-4.003501149027311357e+01
-3.632456367907273886e+01
4.404571572489668796e+01
-4.040279844608355830e+01
-2.618756986708589696e-01
-4.670651708144761471e+01
-1.077097569708855751e+01
-4.630226034510832989e+01
3.953795048117815725e+01
-9.880783066474416287e+00
-4.045812031361079875e+01
-2.515838593309026194e+01
-2.070831000556210100e+01
-4.001854717364843594e+01
-2.475544102168646177e+01
-3.956973336451106604e+01
-2.007812706429757199e+01
-4.432886679963736043e+01
-3.064764334622027775e+01
2.171744637332249539e+01
-4.306970760249399177e+01
-1.003509835523686000e+01
2.424193979344888561e+01
-4.019469999967568441e+01
2.454781246437461562e+01
-2.893843985158291332e+01
-4.051413444706061284e+01
4.252667112305626773e+01
4.147900394305013094e+01
-4.125339743144468940e+01
3.391208331946906185e+01
-3.495361502047842350e+01
2.408944764996322974e+01
3.500625036254607636e+01
-3.517638102095948227e+01
3.266545956760539582e+01
-2.566634260972360693e+00
-3.533759332213038107e+01
4.037560607853997396e+01
4.010985394955029193e+01
3.683211735175297719e+01
-1.189666137372585197e+01
3.952523054007865966e+01
-3.514849542671809246e+01
1.667880559114181693e+01
-3.483191329920610535e+00
4.896998551887539186e+00
2.309515736278127918e+01
-1.214865440483109538e+01
-1.443782526019925783e+01
2.096313578852712922e+01
3.345758000520312692e+01
-1.492423149943462590e+01
-2.520443029631427123e+01
2.521373639682488843e+01
3.243144049941383855e+01
-3.568148677284199266e+01
-3.687321434992232128e+01
-7.488037670787165645e+00
-9.938909730450856017e+00
1.012873374073417132e+01
-3.613683431567569215e+01
3.589045888058641509e+01
-3.117878943818862769e+00
6.651713831556523182e+00
3.506068374097991835e+01
-3.400897108630427823e+01
3.376004568871798028e+01
-2.611820832679859450e+01
-3.236881684653248215e+01
1.263576361082398236e+01
9.995739888663356609e+00
-2.983354619484034487e+01
-3.255323974069171555e+01
-2.211590413712133696e+01
-2.838626498372724072e+01
-5.785214987715717960e+00
-8.099514948932574399e+00
-6.312418575841275192e+00
-3.235852617515347163e+01
-3.201967758567048605e+01
1.627415351600885529e+01
3.173428084367661484e+01
2.553499201597107415e+01
2.040654770078633007e+01
-3.152224211946043653e+01
-2.653955382303242416e+01
2.803431047586688152e+01
2.340023873012208711e+01
-3.085196692095508197e+01
-3.051785102395205840e+01
3.040216462048642398e+01
2.609543901107698360e+01
-1.578362046699771781e+01
-1.488646786857604987e+01
2.022406227731320527e+01
9.396725573644596485e-01
-2.955002942884000117e+00
2.910613620008326308e+01
2.520908574436180061e+01
-1.795733800206410535e+01
2.851380848795096767e+01
-2.259118439769787656e+01
-2.807839118304510961e+01
-1.354415787411995531e+01
-9.391577701749440621e+00
3.249794366341711260e+00
1.281072456833288520e+00
-7.210557622464521366e+00
-2.707705595102564189e+01
2.645309646021783578e+01
-1.468345126402249079e+01
-1.675493363470238961e+01
2.553621116006729963e+01
-1.722796349894836609e+01
-1.307078865503235932e+01
2.210111243762814937e+01
-2.555201813777931008e+01
-1.668831018368867802e+01
1.167582308858005113e+01
-2.500099716464756128e+01
1.388825104205919025e+01
6.335982947294886536e+00
-1.882078991727536277e+01
2.134366081751007016e+01
2.296445176208514738e+01
-2.378443092784792157e+01
-1.007953165661773731e+01
7.752798813672779232e+00
-2.276283526395951995e+01
2.142559795452198657e+01
1.982983058275384280e+01
2.043325122811052452e+01
-2.100320015611530167e+01
-3.308906729559047744e+00
3.815819152696660943e+00
-1.917746668730925530e-01
-2.658299816686267469e+00
-8.472925072953913173e+00
-2.671811751574868943e+00
-2.101664263964562096e+01
-1.370410219863016010e+01
7.404310316724487251e+00
1.154531183550733786e+01
-1.285841387030506944e+01
1.623736596497480633e+01
1.941757692564842230e+01
1.122108557230756531e+01
1.749489538163178182e+01
-1.942911245534372000e+01
-1.227857985345568537e+01
-1.914074669276781293e+01
1.894711689525593457e+01
-1.875531053584834851e+01
-5.642652434608076639e+00
-5.245043750603832766e-01
-1.814486566660148981e+01
1.585584611596137616e+00
-1.756535761458773948e+01
-1.625085374813872008e+01
1.198536830819909405e+01
-1.576630332378354460e+01
1.625929304368930772e+01
-1.586150540728832681e+01
2.874245777524562673e+00
-1.639546209819863876e+01
-1.630343085178597207e+01
1.593827000526838944e+01
-1.009934946149212642e+01
-1.212664091543982892e+01
-1.555716568108971032e+01
-8.569171044132442461e+00
3.144754538612943406e+00
-1.141802498611828831e+01
1.044715658454369489e+01
-9.633154310992154024e+00
1.339512103748353411e+01
1.240275732975216272e+01
6.731226086506693740e+00
-3.620866671911868728e+00
4.213703952652236850e+00
1.778504633305813432e+00
-1.328212529400563469e+01
2.717085905285479441e+00
-4.553974443735721245e+00
-4.644670717225456436e+00
-1.019380676672538399e+01
-1.105168292838376942e+01
-8.068369445027144593e+00
1.177701335861879528e+01
9.818723969018922304e+00
-1.076407651970302126e+01
7.206844694588069089e+00
-1.093847394183149824e+01
-7.168406642532606732e+00
-1.082188933293547883e+01
-1.054500947663444421e+01
1.020425312654917072e+01
-9.262450183890484467e+00
5.740242758394705547e+00
-9.861374102120539220e+00
-9.514325974712876999e+00
-5.493256313222864229e+00
-8.643575896498242983e+00
-8.930542498586072853e+00
8.708094402261291833e+00
-6.574913563739241962e-01
-5.342494144947859347e+00
8.147593624007877011e+00
5.527712925293565505e+00
-4.557232910835661066e+00
3.821694350257202721e+00
-4.411215472113152458e+00
6.744660580076663692e+00
-2.141907552173352602e+00
-6.280613889269326400e+00
-6.512611021120579657e+00
-5.153078551132338703e+00
5.438840666024475468e+00
6.250789108228411273e+00
6.052450630745292770e+00
1.820594871688019811e+00
-3.758761493376722829e+00
-5.558994237301294383e+00
-1.492194495120979791e+00
4.997582442980394113e+00
-3.105659162258773698e+00
-3.860361424249687534e+00
-2.801528416946366118e+00
3.961801980682467139e+00
-3.414901827468098006e+00
-3.211355767617332546e+00
-3.837578459839419587e+00
-2.764396704317171327e+00
-3.472217895345194094e+00
1.586997932128981326e+00
2.993547703855695019e+00
2.229087737627745813e+00
8.783987621151836400e-01
-2.340994406509634640e+00
2.159641023489679235e+00
9.686817862325443063e-01
3.981772505109156812e-01
1.364504321914045804e+00
-7.073276390245641920e-01
-1.287864002014398102e+00
-1.132791898175369072e+00
-1.000668002246345667e+00
5.870541362296777255e-02
3.804714686265524559e-01
-3.928510135495499322e-01
2.035329017426684706e-01
6.175246569813507697e-02
7.445668587198508992e-02
2.603789522681039803e-01
-3.424214153568293506e-01
4.406291880458010901e-01
-2.563573627103212793e-01
-1.019868678730680767e+00
9.689563650996029232e-01
-3.005514316776189757e-02
6.812804193995013469e-01
-1.720909910426821954e+00
1.188630198563854545e+00
2.006533937008513124e+00
-1.658356755901922996e+00
2.539088911067473475e+00
-6.140196029489149998e-01
-1.466041304144996227e+00
2.543968717711977412e+00
2.670293590484488444e+00
2.794659625317283513e+00
1.734531087218573298e+00
-3.733327723264490583e+00
-1.981411892004228958e+00
4.234053176023186538e+00
3.970856566041013558e+00
-4.556800875151754582e+00
4.819596445346194358e+00
4.050545097874334033e+00
4.357551107108113442e+00
3.780491271373152884e+00
-3.064853704079691710e+00
3.762342124151129674e+00
4.456532953221927329e+00
-4.320024596521506055e+00
2.674837806248418826e+00
-6.462091961435183940e+00
6.690441011816216310e+00
3.050234520692005624e+00
-3.394788232847066212e+00
6.219210624116940700e+00
6.234797075079107742e+00
5.877812136851114033e+00
-1.968228934322514778e+00
-5.153274265843980295e+00
-7.280476492956586831e+00
4.076096733691270124e+00
3.143375175428928969e+00
8.286153972626030040e+00
8.970200391478160284e+00
8.708054199594796430e+00
9.343056867442756541e+00
-9.186637546143208155e+00
8.744872853421671977e+00
-6.543191797601875415e+00
5.750169504854561353e+00
3.601470723742171476e+00
1.413827305363605458e+00
8.001591880244848909e+00
-1.751613549627900890e-01
-3.787125541276961993e+00
2.350198874147422679e+00
8.404957775908517448e+00
-1.156774680854775106e+01
-3.817356410418694779e+00
-1.028181426160644740e+01
1.066230509896451650e+01
1.231985849471337779e+01
-7.905025528305567484e+00
-1.225480060080399269e+01
-8.006356566978238831e+00
1.142554588503627677e+01
5.420652656237646916e+00
1.348864747038620671e+01
1.335249565604136102e+01
2.122640950769964618e+00
1.400326973861431412e+01
2.248076738520189188e+00
1.236191202621010632e+01
-2.087706593989687054e+00
-4.810927167971544627e+00
-1.471963151553815763e+01
-8.553445878032393423e+00
1.083965489407377092e+01
-1.171733741182714894e+01
-1.445173853092914484e+01
-2.240360294420479459e+00
1.614194637077054395e+01
-2.280001536026685927e-01
1.029296839631625637e+01
-5.434068333395678962e+00
5.620464697774775864e+00
1.643911486427293767e+01
1.679776735890382966e+01
-1.228216429710917090e+01
2.407222323414413445e+00
-9.451482695687355218e+00
1.569697467067092234e+01
-1.735519155808290748e+01
-1.045992112597170376e+01
-1.708319198983193132e+01
8.554526269741494104e+00
-1.500527845189103004e+01
-1.277662944727282479e+01
-2.743989849039899731e+00
1.838351428333994875e+01
1.909776204585342541e+01
1.790739188447786745e+01
-1.839874561734213287e+01
1.535960476061914193e+01
2.048673266323661935e+01
2.970203995287880705e+00
-1.953361976665703637e+01
-1.538252804722410794e+01
-1.690152543872088131e+01
-2.142025877188413219e+01
-5.920596680231287934e+00
1.378281633591466182e+01
2.151206235195052585e+01
-2.128989568248803366e+01
2.124307678377640229e+01
-1.004776107320038925e+01
-2.254664326875941782e+01
2.293989198753856229e+01
-1.498072898436941891e+01
1.999850298022268191e+01
-1.835358787987368956e+01
-1.510810072503482537e+01
-2.044751767685009014e+01
-9.561102232081262642e+00
4.759469246560377620e+00
2.369499495022935776e+01
-1.497665547094765515e+00
2.220721126211514829e+01
-3.840629466102256195e+00
-1.432496234273521019e+01
-1.431168366713339601e+01
1.806280980501129063e+00
-1.610164354159054412e+01
1.679721419376695124e+01
2.562432562118561563e+01
-1.342718407797506863e+01
2.597282495187486617e+01
2.476386038608983142e+01
-1.711692872387380859e+01
-4.657899118685382867e+00
1.828558506297412123e+01
-1.229821860832042590e+00
-2.241389471025137681e+01
2.681922845827930502e+01
-2.539923398192242843e+01
1.509768916226965274e+01
1.692160459017458152e+01
5.609001924463036026e+00
1.182328688289772600e+01
-2.128500831963893347e+01
1.914643172514850633e+01
1.862772312939666719e+01
2.954394947188524512e+01
-2.926138588391247808e+01
1.208018248734012978e+01
2.713562313844105844e+01
-2.181889312465142353e-02
4.331953599857753190e+00
3.050817974756460416e+01
-5.114655498059082067e-02
-3.062081172619025082e+01
1.805927969648902476e+01
-1.557935274439407181e+01
-3.866393622347604531e+00
3.040815148196319129e+01
-1.951855640190407115e+01
2.430607402261106031e+01
2.981670641830623225e+01
-2.624550643622828261e+01
2.183087090260451291e+01
3.285504586842555597e+01
2.991970237456560255e+01
-2.649383555863747119e+01
-2.724851806290880063e+01
2.934639206673819700e+01
1.452406492948481898e+01
3.324475208440950524e+01
-3.351422209956204767e+01
-3.363879517463302449e+01
-1.310564232468764079e+00
-1.437875285076173526e+01
-2.324711305794840044e+01
2.012652056051247129e+01
3.029559878367080472e+01
-2.026054453428755053e+01
2.743382601554467115e+01
3.034339222413603565e+01
-2.480491214921749688e+01
3.166268828467534391e+01
2.981610536665038325e+01
3.090716403686048963e+01
-3.489666440493118671e+01
-3.733278567082654487e+00
-2.934268182228186106e+01
-3.659216423584052080e+01
2.890749402497468523e+01
-9.397555246985461963e+00
3.422694962440572652e+01
2.712343377095065122e+01
2.670645843022995791e+01
3.295872393109609533e+01
2.917976534869563210e+01
3.786232524290165458e+01
-1.977750604359087783e+00
-3.742523620527025940e+01
-1.318712564240217411e+01
-2.999879556956309656e+01
2.436948713229248042e+01
-3.679808019942769448e+01
2.462557831178810552e+00
-1.771872004291077474e+01
3.981096402795958511e+01
3.046904514475835768e+01
-3.309583389077020854e+01
2.465082280441064810e+01
3.762055813114769620e+01
1.250655872556190751e+01
-2.643337530376183864e+01
-3.917596752703940410e+01
3.143700012323173354e+01
-4.237543239170945952e+01
4.252275543026700433e+01
-1.103051550398235880e+00
3.794184391354618668e+01
-3.678667861446525933e+01
-2.242972791214393879e+01
-4.248969953374527542e+00
-4.320428628971871632e+01
-6.470076985347965604e-01
3.892997427564175439e+01
-8.564473504943304505e+00
3.579937163534674394e+00
-5.828140030789059622e+00
4.111968584210553956e+01
4.345244894525966828e+01
-4.516663912398113467e+01
-9.089282870774586520e-01
-4.060532677459899276e+01
-4.073285454876261369e+00
9.283346981923386920e+00
-5.910136066547317490e+00
-4.375330457245254223e+01
4.584483027571477720e+01
4.616595714482715351e+01
-1.777926622866021233e+01
4.674157325181609934e+01
-4.241281939829968906e+01
-1.058905734533925980e+01
1.603048017024048733e+01
3.757290917452129975e+01
-2.005202841573010275e+01
1.780282559474236237e+01
4.492740208190424056e+01
4.846987203802607524e+01
-4.127354325028213822e+01
1.241035115512947762e+01
4.895875365440934956e+01
-4.584360840976216167e+01
-4.147408201980929476e+01
4.533636529245070079e+01
-3.882947423918032825e+01
4.325867356658426033e+00
-2.270406424740166784e+01
5.032371581075775424e+01
4.887825261848216485e+01
-2.409968649460074275e+01
-1.144223612651340716e+01
-6.620987668371000057e-01
4.977258812301997892e+01
2.325859864584170111e+01
2.569504038511556487e+01
-2.311289979818683449e+01
-4.951247780400002796e+01
-5.176893182094894996e+01
-4.610740477617914479e+01
-5.242087669157750440e+01
5.278690297329129066e+01
4.287832432817091188e+01
-5.236147455463228084e+01
4.411466600429474028e+01
2.662438436367393635e+01
-8.577035582073502695e+00
-5.597475254041024861e+00
3.924459504329091430e+01
1.083154966649953543e+01
4.777694002401672968e+00
-5.041531738017508246e+01
5.263344090889355442e+01
-1.793956745122008201e+01
1.153789897146052290e+01
-5.254050638554639363e+01
-4.166184384135971897e+01
2.962914776505219194e+01
5.049320853536083575e+01
5.599093852559219187e+01
3.687918965872374599e+01
-1.311142195469565230e+01
-2.372354294138928665e+01
-1.400406150577444109e+01
2.582602809294695234e+01
-2.201281909692756145e+01
2.702749664951162423e+00
5.785223286781863550e+01
5.717285207759371701e+01
5.818686242672031028e+01
-5.816493918728302503e+01
2.425494362427601658e+01
5.543234825812459832e+01
-4.329380187696477833e+01
-8.157160257327904063e+00
-1.462789773208003119e+01
-7.192123204339052833e+00
1.463841405695206532e+01
2.057465700068036440e+01
5.688985776406426709e+01
-4.399441076920307836e+01
5.782477507958215313e+01
1.749347191132376267e+01
-5.545995265950206488e+01
-2.604601202717451613e+01
6.105224359731058570e+01
6.055284429583101513e+01
-1.618427885395873744e+01
-8.304532601913585665e+00
-6.504517565568626480e+00
4.699623989871186325e+01
-5.941248066071596412e+01
4.729040350578262064e+01
5.741867792176900309e+01
3.472443584080001955e+01
-1.681944956730729857e+01
3.978755420497094519e+01
-1.346166881643260282e+01
3.660683797805822337e+01
2.076004959009123141e+01
-5.787803553554843461e+01
5.382709664261351890e+01
-5.557460347532329337e+01
6.008880870462904511e+01
3.416576890168268221e+01
5.941795168408530969e+01
5.447687845731336864e+01
6.319267030343037561e+01
6.461978305833622471e+01
-4.130692530964816456e+01
-2.551347947939400029e+01
5.362257974941797301e+01
6.620143893118323319e+01
-4.351315341221356192e+01
6.672656159154990974e+01
6.005216314858277116e+01
5.272964126855029576e+01
6.650950419525270263e+01
6.210982966825439178e+01
-4.540417602237078398e+01
4.560742926861843216e+01
6.417425623715918448e+01
5.700126648327542256e+01
6.250197239667532756e+01
3.863959339339255195e+01
2.084884540191924884e+01
6.897693474139038017e+01
-6.419001911192559362e+01
6.416618981958515633e+01
6.471758460516011269e+01
-1.181848765435570670e+01
9.187246791447879701e+00
-2.610490991037244690e+00
1.186681273936857828e+01
-6.903386042024187930e+01
-5.987390462304002625e+01
-1.136231906700061600e+01
6.539808045200443587e+01
-7.078165788220854893e+01
-2.737416019372462017e+01
3.160708326089973141e+01
6.039101772354423048e+01
5.337038788344261064e+01
6.630311622805574245e+01
-1.155747633806665675e+00
7.257914513302061721e+01
6.438714341720219636e+01
-7.293224081477430332e+01
-6.973566171178632089e+01
7.328023839352226787e+01
7.335432440114581709e+01
-5.336024700162528234e+01
-5.965884074624965905e+01
7.326520783369073797e+01
3.434826190925743816e+01
-5.159583690468536155e+00
6.839672818054194181e+01
6.430993581078242016e+01
7.500973448209357741e+01
5.528380843649711807e+01
6.846241758342202388e+01
4.705204001744517939e+01
7.165711976073404799e+01
3.807628568589767326e+01
7.595693723409428344e+01
1.610723359442695113e+01
6.497835673162555281e+01
6.999276440503510344e+01
6.887276896397710857e+01
-9.865908949177512710e+00
4.505221764747656721e+01
-2.933678095326868984e+01
-7.398622025401162716e+01
-6.534312616626851877e+01
-7.703609813318526278e+01
1.315192928506507641e+01
7.779029029544163620e+01
-5.580668676439670683e+00
7.837672268822835520e+01
-5.192672862137192169e+01
-7.585512359241417357e+01
-5.891829832736007688e+00
5.243920306155734323e+01
-1.923018283898433767e+00
7.911620286297866755e+01
7.945941611516138892e+01
-1.358076240806486590e+00
-3.076985253921600716e+01
-5.688291818728609428e+01
-1.747871239314831371e+01
4.360581314666735153e+01
-2.537724668186749710e+01
7.649608045403530809e+01
6.256526000059749038e+01
7.596842736674078367e+01
-8.044395698009962814e+01
-3.040398825753307221e+01
7.612698635431438277e+01
8.237722183447459656e+01
7.295119299501362775e+01
7.849723195570949486e+01
-8.302749565553909861e+01
8.333535726916461783e+01
8.312357406480587940e+01
-6.186114267438171765e+01
4.377168348360125094e+01
-8.168562415740686333e+01
8.422781431726207302e+01
8.438198956230002068e+01
5.176455918245035548e+01
8.469850178294505838e+01
-3.786097707000754298e+01
8.501349573322656283e+01
-3.053860896766058985e+00
5.277086775512221095e+01
-8.254393547391950392e+01
-7.071290951292802163e+01
-8.488337764083955506e+01
-6.436832952568529720e+01
-6.400857047087525586e+01
-3.408299953084399192e+01
-7.280804561109313511e+01
3.632492981570560175e+01
7.261307958679938679e+01
-5.452965440677586173e+01
4.572905551728248241e+01
8.498480211764233161e+01
8.611700860477427000e+01
-4.919852930415500869e-01
-6.388981647058095348e+01
-8.847376357556673554e+01
-8.388021992072246746e+01
-7.776081200858909881e+01
8.800718679222647722e+01
3.742128218049488453e+01
-4.382368400629052729e+01
-2.040191053546282873e+01
-4.015264694470709372e+01
8.345977084632667697e+01
-7.531467535079272579e+01
2.289455083742968000e+01
-9.069589128740730644e+01
8.839461033549594049e+01
-8.888273930680270496e+01
2.023406484094212487e+01
8.033511771125306211e+01
9.611281734164638380e+00
1.523194079959564640e+01
8.153958318866700949e+01
1.520058056691244275e+01
-5.534082270688313798e+01
5.938733082236833383e+01
7.554783945704528492e+01
1.784029602768133937e+00
-7.399990024521565068e+00
1.060918827038177348e+01
7.239153298003544990e+01
-7.558472071680655802e+01
3.596527464068224322e+00
7.588696012047240913e+01
8.895328753611494221e+01
2.095432117558705087e+01
5.656538563965990818e+01
-5.979135336378791976e+01
4.031632621503815983e+01
8.756741639641657571e+01
-8.394729364904051749e+01
9.181092981605674197e+01
-5.594968623650642314e+01
-9.366222592215430609e+01
5.670037805847957024e+00
-7.424561406871448277e+00
-3.849446212224114561e+01
7.663480464142561743e+01
-9.675035617437805513e+01
4.247715536653242197e+01
-2.667208729000704537e+01
9.055779142515535796e+01
1.012868732271303074e+01
-5.893407360843323062e+01
9.673924108055817328e+01
-9.287316859191344065e+01
-6.258277045558877916e+01
6.002972938619723919e+01
4.485857361296681489e+01
9.853178877929038038e+01
2.617495804512831725e+01
7.249619670241406766e+01
6.163639031567170434e+01
2.770887351511412788e+01
9.993274003156167851e+01
-7.830878775833784289e+01
2.477440446343538838e+01
-8.812433337068510752e+01
6.750055458968293465e+01
-6.654128023356928168e+01
-7.696367304565748668e+01
1.010429678164994414e+02
5.934215349513193161e+01
5.015358963374242052e+01
8.884355479048952020e+01
1.020139187635518283e+02
9.835308611122083278e+01
2.006881582281760501e+01
-9.294087301811045165e+01
9.855614276114337713e+01
-9.680521871429252201e+01
-9.333365354380936196e+01
5.241044748916111473e+01
1.008263148246041254e+02
1.035538330505397795e+02
6.641735585377956852e+01
-9.618893498516398211e+01
-1.987894058394141084e+01
-7.181609312675251999e+01
2.760978140668138181e+01
-1.635597845771310688e+01
8.541677074195375496e+01
4.487857659018568057e+01
-1.046093906741346444e+02
-9.406816746443703892e+01
8.616693901577201586e+01
6.393362312015274540e+01
-7.223087130033952974e+01
-8.697836989501465155e+01
-8.491160107678757640e+01
4.203903748113323502e+01
1.021499923390569933e+02
1.513093335396495265e+00
-8.837076258522074568e+01
3.129803256638955844e+01
5.227010906641832833e+01
9.650281605414355113e+01
6.123911338155550510e+01
5.849842383096351739e+01
1.079249558270021083e+02
-1.059143610232816286e+02
-1.471903401129806221e+00
-1.006038575012645708e+02
8.619155994685694111e+01
1.091232192633568587e+02
-7.195928436441113263e+01
9.084910032868214103e+01
1.068360786408702694e+02
8.251376563520103957e+01
9.887067406894855992e+01
1.100281859818750121e+02
-8.085428656257484192e+01
-1.041988762244688189e+02
-1.103163318808498019e+02
2.144423950647566457e+01
-1.114439304997355293e+02
-8.186845561446682495e+01
-2.753475228965492505e+01
6.702288223226705099e+01
1.064366512234201281e+02
1.105602221594586183e+02
1.090273848782905333e+02
-2.687830231424507943e+01
6.913521638444856876e+01
-7.805853102851483527e+01
-2.332609432061040877e+00
1.122148163322830356e+02
1.108745271897803377e+02
4.999099057928882317e+00
6.996201221342440135e+01
1.043038903772953034e+02
-9.902211745865191972e+01
5.982602311216351865e+01
8.181679164087121592e+00
1.135293906940972448e+02
1.152043523212217337e+02
1.102096822633551483e+02
-3.746527913305342139e+01
4.839762081264933613e+01
-1.086176515089694021e+02
-1.158141286779794541e+02
-5.000853048093225794e+01
6.412742163068958234e+01
1.167449043963658966e+02
-1.126631025925232166e+02
1.052237538949937345e+02
-8.473176078758980623e+01
9.777705024879455209e+01
-7.508140719239234784e+01
-1.926946356938393556e+00
5.211388093960184165e+01
4.804052081200200774e+01
1.129912574207109088e+02
1.080237901389832871e+02
-7.499914772274144070e+01
9.350152756722776815e+01
1.142709102993366770e+02
-5.316401938469826405e+01
-7.210609655398035045e+01
1.063574907281224569e+02
-8.215595275406863607e+01
1.201396748599320858e+02
4.679654740530888546e+01
-2.833107009151198064e+00
-8.875203737123369763e+01
7.437403811665906517e+01
1.197853522016945931e+02
1.163920591806988085e+02
1.063602267025011514e+02
-5.713701266695347414e+01
1.144770667299092111e+02
1.028293565468167259e+02
-4.064771608048294382e+01
8.519009014596706209e+01
6.026642724297529696e+01
4.085693201407252673e+01
-5.993510031540370164e+01
1.189619352160393646e+02
1.321177615733783739e+01
4.685160156765942929e+01
1.652161509392107774e+01
1.096693133134312603e+02
-1.001965493601124422e+02
-3.084553965275302900e+00
1.109998291531419738e+02
5.552657839548653129e+01
1.236760686377887311e+02
-1.822588734202509642e+01
-1.164081052679467660e+02
7.917483748608411531e+01
1.217796270252936068e+02
-1.165034011995849994e+02
-1.122471438827393371e+02
-3.013370525220132023e+01
-1.126495976083317174e+02
1.265585933304890887e+02
1.373000721719474448e+01
-5.477702345498853020e+01
-6.838487750165595003e+01
1.130167066678593528e+02
7.057385216626828139e+01
-3.403941898334504401e+01
1.263722889825365741e+02
9.571214380428071422e+01
1.041058163937000387e+02
-3.189574778563921242e+01
1.283717277934024139e+02
1.019250937390655878e+02
6.518669565847223168e+01
-1.284511483467489086e+02
8.155050167393120830e+01
1.256970568908290886e+02
-1.282402184811377879e+02
1.180936356899658648e+02
-7.822535815140707882e+01
9.080981274248394186e+01
-7.160488059779797254e+01
-7.356421126272589106e+01
-1.306474509054929456e+02
-1.310877649077280296e+02
-6.418626710676701919e+01
-1.012444723343298847e+02
1.685505700053796829e+01
-3.818148552550423602e+01
1.295088930235368991e+02
1.800389336525728368e+01
-1.242991224678194726e+02
1.274692888346836099e+02
-9.161959655068488928e+01
-1.328207154105687380e+02
1.305360354516830057e+02
-1.139617005110821282e+02
-7.933695818052012783e+01
3.445790183254772643e+01
1.328338337171947217e+02
9.310129436331912700e+01
1.334403748879433067e+02
1.117742657762116636e+02
5.393493844298142648e+01
5.176085658836649372e+01
2.782363236701099751e+01
8.535473613079349775e+01
1.333576253517856287e+02
-4.422524286738256905e+01
-9.575193600865797805e+01
1.354591620266167808e+02
1.331591287332068134e+02
9.568521997786352529e+01
-1.099290469741056455e+02
4.678764914506643890e+01
-5.161174226407506893e+01
3.279003232314853022e+01
1.091831720875448184e+02
4.426485057711826698e+01
-6.206304446359395399e+01
7.297961150204542058e+00
1.330289194432288298e+02
1.061998470356356137e+02
-2.982698620483110830e+01
1.261000498570841728e+02
2.255708147171192834e+01
8.215202752673786790e+01
-8.128995790321481252e+01
3.876281428683436303e+01
2.383324150306980727e+01
1.276998119326075880e+02
3.271706218595306126e+01
1.239032107536518268e+01
1.399556107818686144e+02
1.095880304202303108e+02
1.150967420566746000e+02
3.844897552063081037e+01
-1.353817570025316854e+02
-5.806587643281144295e+01
-8.399251532756051120e+01
6.881236915203903948e+01
-1.414934815866450322e+02
1.375138673599872732e+02
-8.922443131189608323e+01
9.421099373587404102e+01
1.298016732354322187e+02
9.481187870551242725e+01
2.776505167631363236e+01
1.313077929109223589e+02
1.428428095959212385e+02
-1.103084255064098329e+02
1.431321569188763476e+02
1.219226057178824050e+02
1.332889690814285473e+02
1.439235889575796250e+02
-1.164189908954608796e+02
-9.250235428062852350e+01
1.208937069482581350e+01
1.353467192857289092e+02
-1.325145151959527823e+02
3.121799394734014044e+01
1.397281989428936129e+02
-1.457650775551613549e+02
1.214026417264163058e+02
1.150773670568908216e+02
1.199204716874143912e+02
-1.315259441521638735e+02
1.464538903319592862e+02
-1.108325872898489592e+02
-8.328201926907959773e+01
-1.416588022444168473e+02
1.381119321790109922e+01
1.416335464814810905e+02
-1.335997749661858052e+02
1.167407750552301167e+02
1.475694013229470158e+02
-8.842890400270317741e+01
1.486342426688968601e+02
1.435324104112368389e+02
-9.908145383880362544e+01
-6.796910210478188219e+01
8.547782735630519824e+01
3.053740612333847793e+01
-9.089861321130238991e+01
-1.214708130729778333e+02
1.274972495560656256e+02
-8.060286074015635904e+01
1.149204494015271223e+02
6.182294350575521236e+01
1.045620675678668761e+02
1.342332157388977691e+02
1.375164592899220963e+02
1.443889688983316546e+02
1.370124691501939367e+02
1.123855909156211794e+02
8.151236390606098325e+01
9.198865003947663865e+01
1.241790243346657547e+02
8.906556687712409826e+00
1.525165456178376076e+02
1.488430162349082480e+02
1.139256569061235602e+01
-1.457010821306022592e+02
1.068627213153186375e+02
2.129972137883759498e+00
1.792100983698711048e+01
1.345716558579280786e+02
9.004468704554027170e+01
-8.192557035560278678e+01
-1.441647146086395139e+02
1.401692949384413964e+02
-1.393293347139137950e+02
1.533818385027836086e+02
1.554163899474972652e+02
1.517243628706341099e+02
1.516467118109424064e+02
-1.550433264007449168e+02
-7.866490763739295744e+01
-2.883838448176771507e+01
1.277380441967434734e+02
-1.378402139999109579e+02
9.532388363577028656e+01
1.171655254498725327e+02
-9.824747066353820912e+01
-1.553504103448402134e+02
8.192392761031048565e+01
-1.491346766928700447e+02
1.867061179571765805e+01
1.484951117240617862e+02
6.595768148405080922e+01
4.413312197960879502e+01
7.113382183351701826e+01
8.129506002043716251e+01
1.472405384621157793e+02
-1.583156747335419823e+02
4.024117992578610625e+01
1.168610436445620877e+02
-2.263069013631060855e+01
-1.504541813955428609e+01
1.027433418426101071e+02
4.115545684366050239e+01
-6.364219993448951129e+01
1.604127075568295879e+02
1.952236677538665077e+01
-5.605843070424464258e+01
7.452048832933216715e+01
-1.286647448237754361e+02
1.613022772988345537e+02
5.883847559370006053e+01
-1.582787742692189568e+02
1.456364115079239241e+02
-1.339474832954818169e+02
1.373327635432599152e+02
1.478311923711603981e+02
-1.237163511023027525e+02
1.626089534985750049e+02
5.760939790891873002e+01
1.580344930539784798e+02
1.502944883035134751e+02
-6.333409208546083136e+00
-1.642782956357357591e+02
1.582765174357109004e+02
-9.040948724973779349e+01
1.646189245680711792e+02
4.629884683915320664e+01
8.218775181050204992e+01
-2.084477298417278135e+01
-1.076882092977488696e+02
1.010452055149339117e+02
1.647998029968529465e+02
-1.077488822340187511e+02
-1.018565703346645392e+02
6.753727431726274233e+01
9.767628030540620898e+01
1.650898760992681957e+02
7.921175843360030999e-01
1.280043142275028458e+02
-5.688628823184956218e+01
-1.663963831567450313e+02
-8.284756709485559156e+01
1.619864107467166718e+02
-1.180005667663238569e+02
-5.710490455016919498e+01
1.675542771085073355e+02
-1.172770242066865620e+02
-1.310123949206335681e+02
1.626326793417509293e+02
1.693836511529643758e+02
9.298228993918164065e+01
1.695106827419833735e+02
1.561751813133624864e+02
1.683919210004119407e+02
-1.217369654597447948e+02
1.622273654685594693e+02
1.431217774901041935e+02
5.841428356651822362e+00
1.660595599099083302e+02
1.649535496876617628e+02
1.263641694761304848e+02
-5.956074521083565543e+01
2.577674634809202558e+01
1.718519902493071640e+02
1.586071901011994498e+02
1.719487586806717161e+02
-1.416510191604240561e+02
1.170825910366625635e+02
1.729795536631616812e+02
1.723176614538086540e+02
-7.360060200280804210e+00
8.504687444466583202e+01
1.650536211407179223e+02
-1.579491858577879881e+01
-1.679949468066855331e+02
1.259195844055618636e+02
2.897803818667387787e+01
-8.021107342596636158e+01
-4.710897920108135395e+01
-6.182904771427775614e+00
4.595708568552996809e+01
-6.169543526077764284e+01
1.748222940793337443e+02
-6.241910742512389021e+01
-4.971818202944051279e+01
1.504943524489249853e+02
-4.889397394911647154e+01
-1.622653735629480138e+02
1.763628189617257931e+02
-1.768636118213005943e+02
-1.768087027108248321e+02
1.707346464689051118e+02
-1.251684342265298397e+02
5.526911329525233896e+01
1.757154130966980858e+02
1.762834633599026972e+02
1.220840973902475497e+02
1.646102259278660824e+02
-1.738046791730997995e+02
-1.021514306807944479e+02
1.789730258671106355e+02
-1.093315467194571653e+02
9.555082617054382865e+01
1.779587697394522650e+02
-8.492095062369040193e+01
-1.792556883407055466e+02
-7.286825952530196560e+01
1.706035046280791789e+02
1.797575010443461849e+02
-1.787999440802495883e+02
-5.003301484787390763e+01
1.277739188458992459e+02
-1.570183211320893122e+02
1.592021849240773292e+02
6.661195915119404276e+01
1.774708432677985854e+02
-1.772808379857241050e+02
1.688751306226036775e+02
1.800787809412037177e+02
1.054210772472543738e+02
1.539586727486994846e+02
-3.211237170161009402e+01
1.690329428003614112e+02
-1.755503638725477629e+02
1.287355549139170137e+02
2.135853618063998738e+01
-1.011340478971217465e+02
1.724735273447780344e+02
-1.692102766543584380e+02
1.036485574949505519e+02
-1.846126927438697010e+02
-1.473004460680716079e+02
1.714566560614069033e+02
-1.759551347865605067e+02
-4.217534161316358876e+01
1.681901335729662321e+02
1.804008597011018651e+02
1.858904537309422267e+02
-1.229996032692207422e+02
5.762471162681748638e+01
-9.208807199634900087e+01
1.866705587814851413e+02
-1.850877249823926434e+02
-1.627188865599058261e+02
-1.509420627996916231e+01
1.765984695286982742e+02
1.784390743937768207e+02
-3.537218010244674105e+01
-1.633668355695229479e+02
1.419622045875296976e+02
-3.229947749018970882e+01
1.671243427059700934e+02
-1.515357329749237749e+02
2.438264814619423149e+01
1.442853356032676970e+02
-1.666740935453885584e+02
1.894222839244631018e+02
1.891787096550144156e+02
1.287120350787165819e+02
1.039797814324106184e+02
1.902831143166025925e+02
-1.034562910695858022e+02
1.889304162708182560e+02
-2.859820399087367448e+01
1.660833379834836876e+02
-8.119865929359683321e+01
-1.157836859498362827e+02
1.363405013616750807e+02
1.844133815883782006e+02
-1.909474993643187588e+02
8.983126086204117655e+01
1.499274415481800418e+02
-6.404007412964938339e+01
-5.621157313645127829e+00
1.102897053200505013e+02
1.149646227712178472e+02
-1.931415174166156987e+02
1.911781107202852468e+02
-1.813745920326406349e+02
1.555690606019640541e+02
1.840845630497739194e+02
1.943171207777518816e+02
1.783909084032565033e+02
-1.905268610073354409e+02
-3.407905482251940299e+01
-1.238553603339768046e+02
-1.939748389560698456e+02
1.929739425036933085e+02
-1.831966214002843856e+02
1.953670690590113850e+02
-1.954500096220380101e+02
1.940146917382674872e+02
1.814303619812085628e+02
1.200575740427359648e+02
1.955952299407304338e+02
-1.969625778861060894e+02
1.509769561730994383e+02
1.844430006284017054e+02
1.139818442073062528e+02
1.334820712063995884e+01
1.962936295239679794e+02
2.794306530144376666e+01
1.526543177030970639e+02
-1.936693653251293767e+02
-1.985550576367647864e+02
-1.434489235131007945e+02
1.943568077218059216e+02
1.114061937898785537e+01
-1.109417342279758429e+02
-8.937475565437823377e+01
1.983777297875565466e+02
-1.173627491370553599e+02
-1.991045437558216236e+02
1.540765991242566599e+02
1.992126928898751999e+02
1.636361040065797567e+02
1.838232152823740364e+02
1.604423451764019148e+02
1.260447743512304726e+02
1.869066166342936981e+02
1.634778018391011187e+02
2.006314829712742664e+02
1.955711718146604596e+02
1.803177117928629229e+02
6.999885469894429946e+01
1.999478146099192770e+02
-1.881677259142571472e+02
-1.904927930285333844e+02
-2.027376589319380855e+02
2.026731675679896796e+02
1.307603144280199103e+02
7.395331738153304002e+01
-1.980216789338142860e+02
-6.677969412428983453e+00
1.276599873709817530e+02
1.314775257748947865e+02
9.074909011430325734e+01
2.046957048251778417e+02
1.803549321009203652e+02
1.094778588980272929e+02
3.080499136130228521e+01
-1.985389532954487493e+02
1.989643552424699067e+02
-8.526594578839949534e+00
1.124033674060225394e+02
5.707134688465782091e+01
1.918125545625092059e+02
-1.866566287570423412e+02
-2.012817335269965042e+02
2.064222542702074463e+02
2.010283141240138605e+02
1.787087359938754503e+02
1.009142912453694834e+02
-1.092241900734346842e+02
-2.081001235785334416e+02
2.034404305916517899e+02
2.084739860186684552e+02
1.129131283880342096e+01
-1.576172324888519540e+02
-2.019546767370393425e+01
2.092220910876122559e+02
1.554010438330149384e+02
-1.646114253116776069e+02
2.086740304680656095e+02
1.961940393836949568e+02
1.965063279456843475e+02
-4.375040912552441341e+01
2.104710092293423145e+02
-1.723203862838585465e+01
5.277326376606178115e+01
-1.708670345364684806e+02
1.807862752208922075e+02
1.928007817231761862e+02
-1.319877356671705400e+02
8.818340430258093932e+01
-2.120302234548888975e+02
2.113274084569154070e+02
-1.158387724938962151e+02
-9.847780836584851727e+01
1.024477233878994440e+02
2.128906507274755882e+02
-1.839483748075862479e+02
-5.451786044954891253e+01
1.440485794334628054e+02
1.712938082105384296e+02
1.925259890148147690e+02
1.762313382374215678e+02
2.027440526541563486e+02
2.082042292211691290e+02
1.172546667794958068e+02
-1.885479396574924849e+01
3.633213088635228161e+01
-1.408481743228119569e+02
-1.448572805731167250e+02
2.116626268007128999e+02
2.091926202032438482e+02
6.621198349086114376e+01
-1.923811199051526160e+02
2.085192694228396135e+02
-1.778827602784765531e+02
-1.033473238512107706e+01
-2.049180512571441568e+02
2.150633394084964323e+02
2.173467325730363200e+02
2.019593914677374187e+02
8.812745892112604906e+01
-1.611732533004625623e+02
1.719016337901241798e+02
2.181749956527037853e+02
2.133006607934817112e+02
6.800033798200617241e+01
1.809634088712122377e+02
1.808290501979151372e+02
1.981991308888743220e+02
1.178730871812834522e+02
2.181923612074201060e+02
1.718459734747397363e+02
-2.110120990887270125e+02
-1.371581431210532287e+02
2.202934787662480574e+02
-1.999518030480226827e+01
2.976709892303611937e+01
-8.509667957393125448e+01
2.076572894190394720e+02
1.904491519806029203e+02
-1.087272717353763483e+02
-2.001334401196842521e+02
-4.980029565596225183e+01
1.280055392205992177e+02
2.011952010398686355e+02
-1.277575946874873978e+02
-1.951821323511608171e+02
1.706306240379561245e+02
5.412853161464331464e+01
-1.818890322021703696e+02
-1.615564544487631906e+02
3.762758060137817040e+01
-1.630955704927191334e+02
-1.592787615399896595e+02
1.773856622121904820e+02
-7.782993803182209547e+01
1.914442651805894400e+02
8.330286065869819367e+01
-2.040401350401009495e+02
2.019963494386767309e+02
1.857832512012964514e+02
2.113107082716327909e+02
-2.052129766966610589e+02
-2.057043415494003966e+02
8.131602315070551867e+01
1.041268029251681497e+02
-2.260756555963249923e+02
2.184341633040667148e+02
-1.230425898171253749e+02
7.833189733677174615e+01
2.197472472147808844e+02
-1.882318366471415061e+02
1.261018766865662144e+02
2.105847751017955716e+02
-1.676454078914339050e+02
2.266057652080051525e+02
2.167225124179699662e+02
1.804643998335128288e+02
-9.310197442675571722e+01
1.873791390488860316e+02
2.161035548296088393e+02
2.058890881027966202e+02
1.065293309815816230e+02
-1.123555674663865922e+01
1.371854873742101120e+02
2.299821174582817207e+02
2.300175467388282584e+02
3.435791584131325749e+01
1.704938879688022269e+02
1.151585010028704517e+02
1.049359912865396467e+02
1.600083113782450823e+02
-1.652032430372704823e+02
1.973008644243672620e+02
1.600749525316156223e+02
1.915525729763174922e+02
-1.304855000992679948e+02
-1.808190731582589592e+02
1.701773610838989725e+02
-1.431714343630470943e+01
-2.083719320151095076e+02
-1.797449573350408514e+02
-1.100429112153202738e+02
8.102240361919577083e+01
-2.289152824016741476e+02
2.336078287862093532e+02
1.632834315501143294e+02
-7.137654449883207519e+01
2.341846759932549844e+02
-1.087248994202598595e+02
-8.745987659181218987e+01
-2.150121739071173863e+02
-6.471335156961501411e+01
1.711358023459935112e+02
-8.323862899013836625e+01
-2.082391669685429463e+02
1.855988708856690721e+02
-2.212566550357784081e+02
2.319804908728702344e+02
-1.823026713714143909e+02
-2.303834173056129941e+02
-1.516325808720045814e+02
-1.010990718377003219e+02
-1.574019078883512179e+02
2.245323504364332337e+02
-2.226651784983791913e+02
-1.588724158242020508e+02
2.323291070015237096e+02
-2.377737721567542053e+02
2.301436747285710851e+02
2.348192454793458239e+02
2.385495801201094537e+02
1.350462895353826411e+02
1.951516001789848360e+02
1.454098170452122361e+02
-1.941004322777106665e+02
-2.396021287962527424e+02
-2.389012027598714667e+02
2.200696600005080370e+02
-1.351231890733883745e+02
2.403682616400653274e+02
8.153079160233558298e+01
-1.869120365580847647e+02
2.406092670061617866e+02
2.246998061832497626e+02
1.659339334411878326e+02
1.893590477323600680e+02
1.736809874622066445e+02
1.225981642957183482e+02
2.326534347128421416e+02
-2.371331501276380322e+02
-1.168361831340891683e+02
-1.753543887909725356e+02
2.406914401913668087e+02
2.212742252651531487e+02
-2.431749857734664033e+02
2.028688647802561320e+02
-1.767890970061111204e+02
-1.794099433147352443e+02
-1.946186432978695109e+02
1.106529337355418647e+02
-2.201939715591074389e+02
-1.227484074243009076e+02
2.667110151271886220e+00
1.714826708406032765e+02
2.176177448650934423e+02
-2.211858490677591931e+02
2.088560603216768925e+02
-1.890759604890415915e+02
1.818068781363142534e+02
2.230513817069496554e+02
-2.190155317407555344e+02
-1.729285669785237758e+02
1.986261809574489519e+02
-1.290776378049605739e+02
-1.729739507267059651e+02
3.173243412725234691e+01
8.456597637817564816e+01
-7.233771265834144515e+01
8.716220717621001768e+01
-9.180388280280268987e+01
3.359253561447725467e+00
5.003660066472033208e+01
2.464418379122952274e+02
2.486623641915716973e+02
1.780038463096326211e+02
2.461128294262196903e+02
-1.057534271430969284e+02
2.311057865991109850e+02
-2.251472039241918992e+02
-2.476870175871734858e+01
-6.528569329578185432e+01
1.664469053058409713e+02
-6.989153054583208302e+01
6.792696507018789021e+01
2.485641735367314027e+02
-5.848920170945020658e+01
9.187184709242782787e+01
-2.295344536450686235e+02
-2.399758555542154284e+02
-6.802691475306509972e+01
2.390792640924013597e+02
-1.037980265286296913e+02
9.645814143973592270e-01
-1.801708250882235234e+02
-2.490989406847550924e+02
-2.161915559835746024e+02
2.267152457935619339e+02
1.575678164233912071e+02
-8.617523049313770400e+01
6.673411794349934212e+01
-1.735959733247349561e+02
6.761360093577563646e+01
2.526430240756005219e+02
2.404107770104725432e+02
-1.667980022205359774e+02
-1.491870959119468125e+02
2.548284109629029786e+02
-2.412741747845983014e+02
2.541932002756016118e+02
2.051358789463407959e+02
2.304083664380449932e+02
-1.120524238400431116e+01
-2.137246714172529209e+02
5.448899022671601244e+01
1.950088370092256298e+02
2.197132646583963265e+02
3.179468027031092348e+01
2.537262276055265886e+02
1.298484025933515511e+02
1.404913901032653314e+02
-9.802354422859274052e+01
2.577402267512380831e+02
2.435587813548312681e+02
-1.541521356848792550e+02
2.570574557382565786e+02
2.574673303341198789e+02
-1.320555858090885977e+02
2.438308229966189060e+02
-2.449035551194164100e+02
2.591639842047449633e+02
-1.182748837231853543e+02
2.245652478025555183e+02
2.590520333307198939e+02
2.581491549160747923e+02
2.426761433083665906e+02
2.376474001373758540e+02
2.594519106666177208e+02
2.453371004421514670e+02
2.497528229803356510e+02
-2.424613481058361231e+02
2.503812029360960594e+02
-1.379957941938265833e+02
-7.857475282579480336e+01
-1.061218900971186230e+02
2.611229842096195171e+02
2.198491102038404392e+02
-2.372372799608855019e+02
-6.260755994343954711e+01
-9.482767158992943735e+01
2.029360637838625507e+02
-2.992317766970711190e+01
-2.470263378698028305e+02
-2.408148769174651989e+02
-2.632970869096512274e+02
2.612813709239089235e+02
-2.432454731597963757e+02
2.476628092068599187e+02
-1.475418531395845605e+02
1.741429284632582437e+02
-2.512828425570187960e+02
1.869585072911533814e+02
-2.330074566035868315e+02
2.191182609938360315e+02
2.366015046846359269e+02
2.636955088865257153e+02
-1.510562961397927495e+02
-1.888015231014333040e+02
-2.663845431170606162e+02
-5.447511792247048135e+01
3.258974780286246187e+01
2.561324906313819270e+02
-1.129605448037585091e+02
2.638754682621939764e+02
1.016992923575213439e+02
1.807961598958958405e+02
1.339302099821926788e+02
9.797030526490350155e+01
4.361477468227554333e+00
-2.683435922566243903e+02
-2.663662238325486555e+02
2.161890576194341520e+02
1.469034346841612830e+02
-1.172225857706920493e+02
1.957786036907584730e+02
2.566946772058732336e+02
1.776226259236851774e+02
2.663590139446723697e+02
2.689277957819571157e+02
-2.013002708673358256e+02
2.700434642898718494e+02
3.886597559898070653e+00
-2.698686643497370596e+02
-1.386663607400055014e+02
1.468607568345019843e+02
8.489630740023189048e+01
2.168552141675298515e+02
8.304005377104047625e+01
-1.009761913664396644e+02
2.626892463244736291e+02
-2.454661541985554152e+02
1.168214169267692597e+02
-3.872957167210302032e+01
2.714864841687899002e+02
-1.943949880745120709e+02
2.733959819774378275e+02
-6.105680830790083746e+01
2.654644853712201211e+02
-1.323939430783094338e+02
1.825212678623679778e+02
1.768043095825773889e+02
-1.327484496108014298e+02
2.383110946713964893e+02
-1.049882359366175280e+02
2.394722656133803298e+02
-2.438182038167868271e+00
-2.550326056622623980e+02
-2.304003377617467265e+02
1.795382536916342815e+02
2.404256270126160189e+02
7.025101890046602193e+01
2.429484996750049675e+02
6.195812137521630802e+01
-1.582991030551758058e+02
-1.632418201121596368e+01
9.700854775820008058e+01
2.095037435394768011e+02
-1.376546881713190373e+02
3.638253760787051050e+01
2.521246228592189595e+02
2.708493229978122372e+02
2.590343415058586629e+02
-2.041633229482048364e+02
2.344254988940761848e+02
2.135742655039200315e+02
-2.022169408253337508e+02
2.166243411737001736e+02
1.160160065834843977e+02
-1.800751236747906887e+02
-2.645216600737028330e+02
-1.754248525622334967e+02
-2.775521074872998497e+02
2.566653437171204928e+02
2.671218518079864452e+02
6.059285804674207299e+00
-2.172800166680350173e+02
4.383866201635566284e+01
-2.265536521079987438e+02
2.201824708531775343e+02
2.791465078604707060e+02
-6.662270185256488730e+01
-2.358424472502957485e+02
-1.319282838667172939e+02
-2.784510744501275212e+02
1.386361411272382327e+02
2.813125693046787887e+02
-2.769866554109516414e+02
2.808929891768515859e+02
-1.362196527198639728e+02
2.349506877426557594e+02
2.686485316054062196e+02
-2.532482053624424623e+02
2.061326521033618349e+02
1.560029699524074545e+02
2.830479198173422901e+02
2.813803951188744463e+02
6.018382001232956924e+01
-6.410493895244520957e+01
2.400826093431515744e+02
2.044531367821083165e+02
2.180302077742431663e+02
-6.846921015370224950e+01
-1.605605467787233920e+02
1.295000645154322854e+02
2.863461934532004420e+02
-2.714084985326349511e+02
2.698017903516972638e+02
1.390215833415854547e+02
1.602609319264551289e+02
2.040311621325496958e+02
-2.638370383053038282e+01
1.316908959409672093e+02
-2.472153704135634200e+02
2.785499253620852755e+02
1.955821283283830780e+02
6.202799223519208738e+01
1.777203775693058674e+02
2.691337535352842565e+02
2.269316678970089924e+02
1.318112484417425776e+02
2.894450628639405068e+02
-2.387550768270454853e+02
-6.017633104441270575e+01
8.053185627483647124e+01
-2.901746241305810372e+02
-2.516145340211528492e+02
2.457972064718316858e+02
2.891588012307266808e+02
-1.791072742212183755e+02
2.405700337900360921e+02
9.399503435746503044e+00
7.249663628143213145e+01
2.516200784221549327e+02
2.570942154479986925e+02
-1.536691151180495183e+02
-1.550049795937037516e+02
2.905659897965938399e+02
2.027826515592083467e+02
2.058540192425241742e+02
2.898068649693099132e+02
-2.542257357618287017e+02
-2.069858365891513756e+02
1.692102480721202937e+02
2.911028554232614169e+02
2.415440194117496731e+01
-4.479897693738028153e+01
-1.349079265711118865e+02
1.224633057116971599e+02
2.617013299463306453e+02
2.948993925489211847e+02
-1.173408481232052480e+02
-2.642339721613382721e+02
-1.831470472845108475e+02
2.899166228064482880e+02
2.958536481410465058e+02
-2.575098676056663294e+02
-8.995050236288237500e+01
2.936716357641604418e+02
-1.251328927340845212e+02
2.521448423601302409e+02
1.712952709031073084e+02
2.728268116613910479e+02
2.173541904995642824e+02
-2.952682706045176246e+02
-2.881325755483948114e+02
2.781213849356903438e+02
-1.659927597978216909e+02
2.662654592505491564e+02
1.524540253805401164e+02
-1.243480665381494532e+02
-2.480122201476974624e+02
2.990307429294443295e+02
2.992552228618117738e+02
2.964931610034786900e+02
-2.368459883784368287e+02
2.775324731234863975e+02
2.960167193368625931e+02
2.947764057867399856e+02
2.655039624737001418e+02
2.501117069563391908e+02
2.329298067010207660e+02
-1.680115650087237498e+02
3.011059353863030879e+02
-5.391571552470525575e+01
3.014183958242516042e+02
-2.327707159815512910e+02
-1.897659737736832710e+02
1.185987567353776058e+02
5.626302647269999113e+01
2.173530833328926235e+02
-2.507500403895321597e+02
-8.049945893589267598e+01
-1.935320511367047231e+02
1.466267578551988038e+02
1.703624956637910657e+02
2.908125267759878056e+02
1.222088577797762987e+01
2.876898356353934219e+02
-1.045102570926698320e+02
6.089010264048309296e+01
3.014673329610906762e+02
3.017459722530756494e+02
3.042282190610374641e+02
2.975194102894751609e+02
2.562372566836012879e+02
2.095086844543372138e+02
-2.536711965624003255e+02
-1.381147903501544647e+02
2.991125300079517615e+02
1.450457108647575488e+01
2.496691990256405091e+01
-3.025115987792918872e+02
1.669822991210687348e+02
2.261861820169029613e+02
-2.882433228071999451e+02
2.130670174197223332e+02
1.847484784294949520e+02
2.620966195723800070e+02
2.932751309049760948e+02
-1.468128552773980857e+02
-8.250306156708151661e+01
3.072209083443634654e+02
-3.711794138488208272e+00
-1.344899312569696406e+02
3.090667782155111922e+02
-2.932967421946179911e+02
-2.733340036684103893e+02
2.543446608169998626e+02
-2.539390863125979365e+02
-2.996495348619844208e+02
-7.094867802006702107e+01
3.022197614057495798e+02
-2.935438566888305445e+02
1.746365213550109843e+02
2.571709652207953241e+02
2.576213772684265564e+02
-3.067560134250075521e+02
-2.052774350139204387e+02
3.065099209295342462e+02
-2.176122241853468608e+02
-1.013346855499960810e+02
-2.897431420976934646e+02
1.697125708812472169e+02
8.951810138213016899e+01
3.118609677754134850e+02
3.604290451324774835e+01
3.112784126547717278e+02
8.848558275014229935e+01
3.124822112628429522e+02
-2.740520380012719670e+02
3.124938909544532635e+02
1.742292943009559565e+02
1.059473556568161428e+02
7.471554054268479206e+01
-3.067914621474100727e+02
2.947632667848484402e+02
2.783391782370610485e+02
2.452114879852129832e+02
5.686677070573845327e+01
-1.961310568331167303e+01
-2.312677025947083109e+02
-1.848783777130558121e+02
3.149003070911741702e+02
3.157462662367875055e+02
-1.074109524861377025e+02
-1.080100089361560975e+02
-5.560462037392463941e+01
2.696891682775494203e+01
-9.453336414166183488e+01
1.560241138262012441e+02
-1.362819998741409222e+01
-1.818341731945919264e+02
2.774872253299820386e+02
-2.726306887546356847e+02
-1.821889082659999701e+02
6.565654538240552540e+01
-2.829016891127659505e+02
8.392752252525362167e+01
-2.403156124115782006e+02
1.346762810631027776e+02
6.420921342635379858e+01
-2.570850759434718498e+02
-2.615390731564643261e+02
-2.923764647019037284e+02
-2.407178336750455117e+02
4.267676272157857653e+01
9.462941212676633995e+01
2.347313423522454059e+02
1.849755688501444411e+02
2.690381089683676308e+01
2.636319625051739308e+02
-1.969486563504066794e+02
9.071322312740295501e+01
-3.128542042579125564e+02
1.876180553006192326e+02
3.071290861218878376e+02
2.725708821774836679e+02
2.005722842539294106e+02
9.353872471468690719e+01
2.600080550637115380e+02
1.247472333378672289e+02
-3.204420862025814642e+01
2.742411400619585748e+01
-3.216102479724004866e+02
2.929087656287223354e+02
3.243675675292651022e+02
-2.096621609102662376e+02
-2.504162740938163836e+02
1.513780339281810541e+02
3.179461169121793773e+02
2.348399952323457995e+01
5.476460445581253111e+00
1.799387028515033649e+02
-2.561270399691169928e+02
2.446162142379053819e+02
1.967309838700840601e+02
9.681737202444784884e+01
3.253185249891830040e+02
-3.116949042016665317e+02
2.651785072766053304e+02
3.194571528655736756e+02
2.467080927484659725e+01
-1.196724916413544975e+02
-3.272425650926601861e+02
-1.466878710828291901e+02
-2.412252299488347091e+02
2.902228906909360830e+02
-3.395486260899327391e+01
-2.033007071927510481e+02
1.807247208957579687e+02
5.468867915068097574e+01
6.059081494408105328e+01
2.621015096394737753e+01
3.294809751603449399e+02
3.071466316868415447e+02
-9.600054432006608351e+01
2.165282696420856894e+02
-2.026193415790331471e+02
-2.060029269206816878e+02
-1.793899455466330437e+02
-3.058886093663136130e+00
3.278117218304425364e+02
-1.635317492576816676e+02
3.054063430964594090e+02
2.956091936043425790e+02
1.943686774001797062e+02
-3.441815361860211198e+01
2.860482436912901676e+02
-1.899588563642723784e+02
-2.989357234412313460e+02
3.138959889348661818e+02
5.121985099856654955e+01
1.231589363546755322e+02
3.334087465498667484e+02
3.298588780382460186e+02
-3.333645246743973303e+02
-2.235017262889475944e+02
-3.258790915865959050e+02
-3.297835258287935289e+02
3.324935321876062631e+02
3.747009817439858637e+01
3.248858349110541326e+02
2.941631760954440438e+02
2.309678668996247097e+02
3.353262748034857736e+02
2.340388432541435293e+02
-3.358810283360151061e+02
2.317785240773577016e+02
2.403428121477244872e+02
3.355825438038910420e+02
2.401620793539806300e+02
2.277139496687215114e+01
-1.614775539008331009e+02
2.837135064663679600e+02
-2.995831919277187012e+02
2.297475516905704751e+02
1.695091876777655671e+02
2.288744619849609876e+02
-5.757507433117108775e+00
-2.468348995666762491e+01
-3.375792517516539419e+02
2.866625068157999863e+02
3.273547032675934929e+02
3.266668910434365785e+02
1.170805853626701776e+02
1.487349005699091435e+02
-2.696476542237174954e+02
-1.036157534628863175e+02
-7.986369079690011574e+01
2.839642152225832774e+02
-2.825717083419374376e+02
3.358776480502043569e+02
-6.053753210526624429e+01
2.260570469844249715e+02
1.676899934831733106e+02
3.408966973570085202e+02
3.130150694338497601e+02
2.824181729200842028e+02
-3.362479902935636460e+02
3.420860538221377283e+02
-2.607265440842923567e+02
3.421177320441621532e+02
-3.266101275449946115e+02
3.008495432661301194e+01
3.764415050323275835e+01
1.702503289411476715e+02
-3.210824325688357703e+02
6.934640570893786560e+01
-3.411648516006468981e+02
-1.035683119652510698e+02
3.390821668617674050e+02
3.007772523380521648e+02
3.423066568384799098e+02
3.133470782272302131e+02
1.963882939183453971e+02
1.970273488012307439e+02
-9.266817440123469751e+00
2.056938157555324835e+02
2.080149816610847324e+02
4.293889985803702558e+01
2.287576929955883429e+02
3.375995880017293871e+02
3.389525713583211655e+02
-8.142142212329315498e+01
3.158625297131511047e+02
8.753930794438470286e+01
2.077620909257992992e+02
-2.969118287073321767e+02
3.275436843280857033e+02
3.120343859689966735e+02
-1.773003705811687496e+02
-2.530776460281066136e+02
8.963163743653259985e+01
-1.400844730051769034e+02
-2.836297586261976633e+01
-2.179722795912425397e+02
4.565184860396733058e+01
2.619309264974768325e+02
2.330396579161432555e+02
-2.750583936095325157e+02
3.438303181320349040e+02
3.496375333158824787e+02
3.936070531691524366e+01
-3.367024692611509522e+02
2.340759455653354735e+02
3.466555375361301117e+02
3.493459265944056256e+02
3.275648793726517738e+02
-2.899239363962579432e+02
3.438484655954492268e+02
3.408720021292115234e+02
2.393817094185497467e+02
3.521124596530508484e+02
2.203948318177527028e+02
3.273315580512008864e+02
-2.632163789012285520e+02
-3.424346682396243295e+02
-3.179599627819002805e+01
-3.528029696330273737e+02
-3.488490936203496062e+02
-3.411300074220042120e+02
3.081714737708333587e+02
3.347421600219051356e+02
1.804386562655827930e+01
2.940116626858652467e+02
-2.939860565823980778e+02
-3.446557377580707566e+02
-1.485490929251398313e+02
-2.235578585002154171e+02
3.020283088429162035e+02
3.521525447238810784e+02
3.432256184869489175e+02
1.437142044202677766e+02
9.577528579962611843e+01
